run_time: 16.262041091918945
ests:
- {score: 75.45558744, R: [0.11249527, -0.38603406, -0.91559951, -0.11876336, -0.92006691, 0.37332573, -0.98652931, 0.06674229, -0.14934988], t: [52.94602342, 29.10549443, 624.51702013]}
- {score: 74.44879683, R: [-0.83387155, -0.48879677, 0.25639032, -0.32620227, 0.81112710, 0.48545332, -0.44525313, 0.32117058, -0.83582243], t: [153.89728506, -99.78051997, 747.86286749]}
- {score: 73.93917382, R: [0.94897036, -0.14148193, 0.28184774, -0.27940014, -0.79166039, 0.54333174, 0.14625606, -0.59435401, -0.79079232], t: [150.71336196, -97.20812866, 746.48293165]}
