run_time: 13.05392837524414
ests:
- {score: 76.85201249, R: [0.88817485, -0.45453286, 0.06741864, 0.02644885, -0.09590717, -0.99503883, 0.45874377, 0.88555160, -0.07316047], t: [80.62126874, -59.34309246, 637.97074527]}
- {score: 76.47578669, R: [-0.64266254, 0.76175668, 0.08192451, 0.00890448, 0.11434943, -0.99340068, -0.76609761, -0.63769192, -0.08027114], t: [80.79088407, -66.34094385, 637.74270656]}
- {score: 74.96784810, R: [0.68949703, -0.72017890, -0.07704671, 0.09753995, -0.01307897, 0.99514569, -0.71769064, -0.69366508, 0.06122829], t: [5.19778166, 7.20409212, 629.54476021]}
