run_time: 13.719039678573608
ests:
- {score: 76.63851928, R: [-0.62435173, 0.25831778, 0.73719531, 0.22211458, -0.84607475, 0.48458500, 0.74889921, 0.46629329, 0.47087207], t: [-49.59719538, 78.69719941, 644.25647822]}
- {score: 75.82957996, R: [0.85699705, 0.48544771, -0.17290625, 0.20664830, -0.01636957, 0.97827834, 0.47207253, -0.87411243, -0.11434561], t: [-154.38901827, -50.67622721, 838.74646742]}
- {score: 74.67507397, R: [0.98232233, -0.18594332, -0.02163144, 0.10946788, 0.47685004, 0.87214149, -0.15185394, -0.85909200, 0.48877527], t: [22.85128414, 52.55925670, 719.78071308]}
- {score: 72.59397891, R: [-0.38159680, -0.91552714, 0.12725544, -0.76006533, 0.38914068, 0.52045195, -0.52600812, 0.10188035, -0.84435526], t: [24.21192305, 19.47384445, 729.18211528]}
