run_time: 16.676948070526123
ests:
- {score: 83.36056074, R: [-0.04796441, -0.99556350, -0.08094862, -0.99746563, 0.04347655, 0.05632192, -0.05255269, 0.08344491, -0.99512569], t: [-8.87642997, 66.36894784, 855.32869253]}
- {score: 82.49921675, R: [0.56268955, 0.09880620, -0.82074219, -0.05241192, 0.99509794, 0.08386336, 0.82500512, -0.00417236, 0.56510984], t: [-73.40496792, 72.46674825, 838.11746981]}
- {score: 78.86960796, R: [-0.08205869, 0.37359790, 0.92395399, -0.98965924, 0.07889209, -0.11979391, -0.11764742, -0.92422975, 0.36326082], t: [163.80498327, 100.58683122, 797.02887236]}
- {score: 75.44250559, R: [0.98191821, 0.03190992, 0.18659701, 0.04615248, -0.99630084, -0.07248815, 0.18359368, 0.07978935, -0.97975864], t: [3.37293997, 142.81107051, 844.08081730]}
- {score: 75.38299437, R: [0.64444451, 0.30274813, -0.70216441, -0.33302822, 0.93774034, 0.09866768, 0.68831930, 0.17025471, 0.70514526], t: [106.62629121, 42.47343744, 805.95505655]}
- {score: 73.32641844, R: [0.28253172, 0.92138654, -0.26687569, -0.90751239, 0.16659781, -0.38557289, -0.31080076, 0.35112955, 0.88323890], t: [-54.87885920, -38.91900083, 857.92473846]}
