run_time: 16.88758897781372
ests:
- {score: 82.10386221, R: [-0.56877590, -0.21718587, 0.79329962, -0.34372966, 0.93900849, 0.01063182, -0.74722414, -0.26663346, -0.60873861], t: [134.43100275, 34.66605535, 769.92012258]}
- {score: 80.58443124, R: [-0.39468699, 0.91863185, 0.01837821, 0.35891627, 0.17255830, -0.91728009, -0.84581399, -0.35544226, -0.39781842], t: [9.90103473, 173.64328160, 794.74021704]}
- {score: 80.43309260, R: [0.95102879, 0.16322399, -0.26249226, -0.12323209, -0.57858639, -0.80625780, -0.28347506, 0.79912185, -0.53013784], t: [-65.36507477, 174.74555883, 789.99693298]}
- {score: 79.78602470, R: [0.91491110, -0.40162975, -0.04038843, -0.39896186, -0.88452119, -0.24176801, 0.06137681, 0.23730971, -0.96949318], t: [86.92348670, -89.12482328, 887.06511847]}
- {score: 79.33994110, R: [0.70170167, -0.71130872, -0.04067776, -0.70666006, -0.70212046, 0.08751241, -0.09080903, -0.03266225, -0.99533257], t: [162.79716716, -44.26033071, 883.72229813]}
- {score: 77.22234473, R: [0.92122117, -0.34462298, 0.18051757, 0.14961811, 0.74215959, 0.65330965, -0.35911839, -0.57483399, 0.73525494], t: [-65.32427017, 175.30975369, 792.60781245]}
- {score: 74.63554709, R: [0.63648255, -0.68965307, -0.34535293, -0.12008500, 0.35369200, -0.92762148, 0.76188552, 0.63188652, 0.14230180], t: [-22.34147187, 15.10590148, 791.74106079]}
- {score: 74.41961198, R: [-0.29414157, -0.50345501, 0.81241235, 0.80863848, -0.58421422, -0.06926453, 0.50949442, 0.63657431, 0.57895475], t: [122.34095946, 124.28664164, 779.99102600]}
- {score: 72.30895587, R: [-0.68112781, -0.03730860, -0.73121336, -0.40355734, 0.85243028, 0.33242163, 0.61090621, 0.52150814, -0.59567009], t: [168.46266123, 22.53377186, 777.31073104]}
