run_time: 16.727513551712036
ests:
- {score: 83.74596937, R: [0.75851298, 0.63375921, -0.15168172, -0.02685475, -0.20216537, -0.97898311, -0.65110439, 0.74664476, -0.13632561], t: [181.90174762, -64.11883999, 638.65595584]}
- {score: 82.65452721, R: [0.63766633, -0.73031998, -0.24497835, -0.15707790, 0.18806384, -0.96951457, 0.75412741, 0.65670744, 0.00520484], t: [-73.91053536, -69.71555897, 741.82956846]}
- {score: 80.78462374, R: [0.94475024, -0.31548067, 0.08898809, 0.13409748, 0.12425562, -0.98314721, 0.29910667, 0.94076163, 0.15969570], t: [-4.31389793, -61.43855018, 720.50861198]}
- {score: 80.18441915, R: [0.63746446, 0.10942873, -0.76266931, -0.16248775, -0.94850677, -0.27190561, -0.75315126, 0.29725455, -0.58685852], t: [129.06785733, -29.82100501, 701.92340183]}
- {score: 80.03381536, R: [-0.40124013, -0.90452985, -0.14433318, 0.08634339, -0.19422203, 0.97715028, -0.91189431, 0.37960967, 0.15602984], t: [-3.25740296, -56.99807174, 721.52737290]}
- {score: 79.54198513, R: [0.34684336, -0.71857837, 0.60278089, -0.78777443, -0.57198338, -0.22857483, 0.50902958, -0.39557573, -0.76446630], t: [135.84658186, -185.05048466, 731.30426900]}
- {score: 74.79935266, R: [-0.81032691, 0.56701155, -0.14787895, 0.01755283, 0.27573687, 0.96107291, 0.58571510, 0.77618756, -0.23338967], t: [87.87050556, -141.97215880, 710.09315191]}
