run_time: 17.28444266319275
ests:
- {score: 84.05608169, R: [-0.39273445, 0.90146149, 0.18200767, 0.20488003, 0.27869836, -0.93827046, -0.89653995, -0.33120138, -0.29414590], t: [25.08125132, 37.76513968, 565.15694530]}
- {score: 83.39505740, R: [-0.70075295, -0.48378768, -0.52430412, 0.23888721, 0.53337876, -0.81144314, 0.67221888, -0.69387070, -0.25819602], t: [169.71864245, -8.48547049, 623.77381433]}
- {score: 82.28157947, R: [-0.83075056, -0.17260919, 0.52920655, -0.55607313, 0.21426367, -0.80304035, 0.02522240, -0.96140377, -0.27398298], t: [-46.66938357, -42.94547981, 738.77925541]}
- {score: 81.17813213, R: [0.52232611, -0.85232185, 0.02688722, -0.85271948, -0.52229804, 0.00861494, 0.00670044, -0.02742705, -0.99960133], t: [103.11912111, -82.64225744, 631.53999999]}
- {score: 78.84479090, R: [0.17619852, 0.85550784, 0.48688848, -0.61639838, -0.28975154, 0.73218652, 0.76746802, -0.42912745, 0.47627981], t: [178.69566835, 3.26064128, 629.02724421]}
