run_time: 10.387884616851807
ests:
- {score: 84.05834843, R: [0.86567096, -0.26890828, -0.42225834, -0.44173194, -0.01342117, -0.89704669, 0.23555610, 0.96307231, -0.13040367], t: [189.13591347, 3.30075071, 544.39658640]}
- {score: 83.41656350, R: [0.80048077, -0.54750804, 0.24385544, -0.01615659, -0.42642433, -0.90437892, 0.59914058, 0.71999806, -0.35019036], t: [30.38662014, 24.51016040, 524.34493276]}
- {score: 80.55564351, R: [0.66085130, -0.72139066, -0.20705327, -0.73288529, -0.67973014, 0.02908810, -0.16172423, 0.13252339, -0.97789715], t: [138.22547266, -82.34760366, 565.55216906]}
