run_time: 17.73258924484253
ests:
- {score: 84.28647881, R: [-0.87165575, -0.39320531, -0.29258481, 0.19548307, 0.26851458, -0.94323181, 0.44944704, -0.87936879, -0.15718727], t: [-4.88630132, 49.91967655, 583.11421473]}
- {score: 82.31850778, R: [-0.63420210, 0.59642497, -0.49200093, 0.67272289, 0.11201670, -0.73136593, -0.38109259, -0.79481416, -0.47226996], t: [78.18548659, 30.62201711, 627.79300538]}
- {score: 81.67487309, R: [0.14854103, -0.93672032, 0.31700258, -0.36349289, -0.34983629, -0.86341618, 0.91967845, 0.01302455, -0.39245621], t: [-163.32180523, 47.62580622, 570.07016602]}
- {score: 80.63406355, R: [0.86869080, 0.44190336, -0.22382524, 0.45379027, -0.89110655, 0.00187832, -0.19862211, -0.10320140, -0.97462746], t: [-43.63378392, -41.10815326, 605.66172159]}
- {score: 78.03619765, R: [-0.58286107, -0.67498712, 0.45239955, 0.77412407, -0.29203046, 0.56164951, -0.24699174, 0.67757700, 0.69273697], t: [82.55695694, 34.08185928, 627.96925808]}
- {score: 77.44006438, R: [-0.21863505, 0.94870779, -0.22836855, -0.50702741, -0.31040573, -0.80409671, -0.83373974, -0.06001459, 0.54888644], t: [-82.53359458, 52.99702975, 595.80810012]}
- {score: 75.66825687, R: [-0.70574463, -0.67541285, -0.21387371, -0.30073900, 0.55894064, -0.77274928, 0.64146748, -0.48104349, -0.59759238], t: [120.86632833, -26.68251878, 679.36721354]}
