run_time: 15.02761960029602
ests:
- {score: 81.15715120, R: [-0.44638982, 0.86443037, -0.23129260, -0.27903217, -0.38005149, -0.88187407, -0.85022187, -0.32912154, 0.41085498], t: [-94.00273614, 19.61600009, 617.42787156]}
- {score: 76.93288041, R: [-0.97623095, 0.08860955, 0.19779146, 0.11933704, 0.98156886, 0.14926911, -0.18091927, 0.16932497, -0.96881228], t: [7.10276949, -62.21569304, 769.70810982]}
- {score: 73.93660016, R: [-0.42811745, -0.88204692, 0.19674517, -0.65728422, 0.45331811, 0.60206326, -0.62023615, 0.12843630, -0.77382893], t: [49.86729868, -22.36253847, 663.95788342]}
