run_time: 17.178231716156006
ests:
- {score: 81.61078478, R: [0.45648357, 0.59644598, 0.66020821, -0.84839116, 0.06823381, 0.52495385, 0.26805811, -0.79974770, 0.53716713], t: [119.10159768, -90.79448270, 801.36663054]}
- {score: 79.22197704, R: [0.98118858, -0.19146234, 0.02472242, -0.15955760, -0.87636635, -0.45444840, 0.10867565, 0.44195491, -0.89042991], t: [35.26471974, -17.17379766, 804.17898674]}
- {score: 78.31572221, R: [0.46151219, 0.59398083, 0.65893339, -0.83648630, 0.04398497, 0.54621968, 0.29546087, -0.80327584, 0.51715650], t: [112.82025299, -95.44908419, 794.86464970]}
