run_time: 15.902567863464355
ests:
- {score: 82.82022830, R: [-0.87472928, -0.47839281, 0.07738841, -0.24417989, 0.29715251, -0.92307991, 0.41859865, -0.82634176, -0.37674193], t: [-59.85267763, 59.90841229, 657.80511147]}
- {score: 81.46352374, R: [0.34133824, 0.90568523, -0.25144077, 0.47104619, -0.39631658, -0.78806642, -0.81339023, 0.15055699, -0.56189758], t: [31.29658841, 72.31000778, 683.03717455]}
- {score: 80.90241756, R: [-0.66835736, 0.46811933, 0.57806810, 0.16550588, 0.85124669, -0.49798279, -0.72519393, -0.23715679, -0.64641349], t: [-203.25089158, -13.09867577, 662.71329037]}
- {score: 80.46225076, R: [-0.26700698, 0.96339007, 0.02422367, 0.72407772, 0.21714125, -0.65464577, -0.63593923, -0.15725517, -0.75554756], t: [102.91730943, 28.87971596, 713.28081685]}
- {score: 79.06996641, R: [0.80245932, 0.40331247, -0.43977051, 0.48241068, -0.87225460, 0.08032321, -0.35119650, -0.27660609, -0.89451108], t: [-51.46812386, -40.08943790, 658.85233923]}
- {score: 77.61515328, R: [0.83977729, -0.54184357, 0.03434620, 0.46641763, 0.75236550, 0.46518890, -0.27790051, -0.37463542, 0.88454484], t: [105.26494132, 30.52597020, 715.54441599]}
- {score: 77.56670029, R: [0.92029287, -0.19508591, -0.33912016, 0.31209296, -0.15662882, 0.93705142, -0.23592153, -0.96819879, -0.08325945], t: [-124.20596557, 26.62221958, 680.68676910]}
- {score: 77.21189218, R: [-0.94889012, -0.21116848, 0.23455371, 0.00485805, -0.75286825, -0.65815331, 0.31556928, -0.62337571, 0.71541514], t: [41.88228283, -61.66154917, 762.50298494]}
- {score: 76.24101707, R: [0.09396245, 0.55482992, -0.82664071, -0.99541071, 0.03723779, -0.08815268, -0.01812746, 0.83113005, 0.55578256], t: [-39.01526341, -129.01090040, 783.78071590]}
