run_time: 17.913288116455078
ests:
- {score: 81.66970531, R: [0.53626281, -0.61196024, -0.58131474, -0.84117716, -0.33069598, -0.42785645, 0.06959270, 0.71843218, -0.69210695], t: [21.98590155, -178.10535336, 798.08364149]}
- {score: 81.05798268, R: [0.46945525, 0.55571594, 0.68614250, -0.88256548, 0.27221878, 0.38337329, 0.02626580, -0.78554229, 0.61825026], t: [53.01600209, -160.32367479, 823.05403016]}
- {score: 74.74284248, R: [-0.55896514, -0.76082190, 0.32970902, 0.73690683, -0.63809997, -0.22315187, 0.38016613, 0.11823071, 0.91733048], t: [-135.21963520, -114.25000768, 718.70457298]}
- {score: 72.40053947, R: [-0.84426107, -0.53065620, 0.07501471, -0.31226174, 0.37331048, -0.87357422, 0.43556379, -0.76094893, -0.48087517], t: [-164.86061241, -55.97459606, 675.78641497]}
