run_time: 18.180163383483887
ests:
- {score: 81.70559685, R: [-0.55903666, -0.82147431, 0.11250789, -0.50170205, 0.22710369, -0.83469692, 0.66013112, -0.52307161, -0.53909461], t: [-160.06054346, -7.98812633, 693.50920568]}
- {score: 81.64174030, R: [0.80426665, 0.54745996, -0.23117676, 0.25718499, -0.67134462, -0.69509154, -0.53573406, 0.49958376, -0.68073864], t: [-69.93612397, 6.37042744, 720.11071736]}
- {score: 80.09074119, R: [-0.34695711, 0.81661538, -0.46125927, 0.84533974, 0.48530816, 0.22333092, 0.40622834, -0.31243455, -0.85869854], t: [-145.10017580, -106.06410605, 675.55981613]}
- {score: 79.64414504, R: [-0.22184541, 0.97378903, 0.05019442, 0.83816145, 0.21674601, -0.50050624, -0.49826697, -0.06896399, -0.86427658], t: [5.22444793, -36.94285497, 739.94967748]}
- {score: 79.52593954, R: [-0.67977662, -0.46481374, 0.56731994, -0.70580352, 0.62485961, -0.33375422, -0.19936177, -0.62729473, -0.75283213], t: [-295.67796244, -90.57411041, 687.48771538]}
- {score: 76.25518116, R: [0.56058062, -0.69079841, -0.45666936, 0.39668723, -0.26006312, 0.88034447, -0.72690343, -0.67465900, 0.12824456], t: [-219.69301209, -45.85187489, 708.75247116]}
- {score: 75.73392151, R: [-0.00790500, 0.66182587, -0.74961593, -0.88904441, -0.34781172, -0.29770299, -0.45775274, 0.66408850, 0.59114204], t: [-120.31300349, -219.03673312, 779.84656075]}
- {score: 73.98884678, R: [0.84890822, 0.51562437, -0.11613057, 0.29405378, -0.64332480, -0.70687030, -0.43918921, 0.56591937, -0.69774501], t: [-53.23589024, -104.21112535, 776.40835806]}
- {score: 73.04677728, R: [-0.97185234, -0.22601800, 0.06647455, -0.12116569, 0.23753643, -0.96379213, 0.20204424, -0.94471812, -0.25823595], t: [-18.41532307, -183.60921163, 761.19801610]}
