run_time: 17.503226041793823
ests:
- {score: 82.09854626, R: [-0.64710919, 0.51479838, -0.56234538, 0.76235469, 0.44472887, -0.47013995, 0.00806394, -0.73293853, -0.68024709], t: [38.85796584, -22.48874561, 795.86199390]}
- {score: 80.28190803, R: [-0.65161793, 0.51768644, -0.55443198, 0.75854539, 0.44636431, -0.47472918, 0.00171779, -0.72990389, -0.68354764], t: [39.46471582, -23.98918146, 795.89006404]}
- {score: 74.65385981, R: [-0.54750130, 0.63740237, 0.54218131, -0.81742717, -0.54600591, -0.18354932, 0.17903941, -0.54368722, 0.81996894], t: [-132.03365258, -4.26798934, 726.82068252]}
- {score: 72.87054253, R: [0.51200002, -0.83433002, 0.20432674, -0.19342588, -0.34374334, -0.91892707, 0.83692439, 0.43096861, -0.33737764], t: [-177.43436120, 61.09049581, 690.34806165]}
- {score: 72.13622402, R: [-0.42634701, 0.22901001, -0.87509006, 0.48439533, -0.75921665, -0.43468520, -0.76393022, -0.60921632, 0.21275836], t: [-68.23741693, -86.21501151, 781.67803649]}
