run_time: 16.809594869613647
ests:
- {score: 81.41680091, R: [0.68139632, 0.72091478, -0.12641572, 0.39942303, -0.51099811, -0.76114532, -0.61331911, 0.46814822, -0.63614222], t: [-99.84711744, 135.18453830, 722.52880722]}
- {score: 81.34856242, R: [0.46165863, 0.84216557, 0.27861887, 0.55774686, -0.03134404, -0.82941903, -0.68977510, 0.53830728, -0.48418547], t: [-187.02905157, 100.77828024, 702.28340502]}
- {score: 80.26180074, R: [-0.49934001, 0.66837739, -0.55129958, 0.76457651, 0.63923484, 0.08247142, 0.40753192, -0.38032943, -0.83022124], t: [-153.47928787, 6.04883321, 689.20960724]}
- {score: 74.93743212, R: [-0.47969568, -0.59648706, -0.64350234, 0.87377631, -0.25783768, -0.41235265, 0.08004388, -0.76008086, 0.64487986], t: [-96.92134506, -95.83936798, 798.70085841]}
- {score: 73.82857322, R: [-0.38787893, -0.92164890, 0.01064355, -0.20784416, 0.07621006, -0.97518860, 0.89797036, -0.38046730, -0.22111961], t: [-78.62867175, -63.99157811, 794.25638754]}
- {score: 73.52945974, R: [-0.83560951, -0.04207732, 0.54771000, 0.27158160, 0.83504075, 0.47848758, -0.47749365, 0.54857672, -0.68634058], t: [-9.75515380, -71.53160526, 774.25420823]}
