run_time: 18.177202939987183
ests:
- {score: 81.16744681, R: [-0.39943434, 0.63332286, 0.66283814, -0.20626841, -0.76656797, 0.60813396, 0.89325559, 0.10618701, 0.43682808], t: [54.62656987, -81.92819960, 774.04243668]}
- {score: 76.13728160, R: [-0.70676740, 0.42620606, 0.56464876, -0.55432197, -0.82954542, -0.06768705, 0.43955314, -0.36083621, 0.82255105], t: [-126.74606982, -65.98561893, 702.11368250]}
- {score: 75.52058953, R: [0.63188599, -0.61160269, -0.47609057, -0.65287416, -0.75105875, 0.09831635, -0.41770253, 0.24870251, -0.87388308], t: [-63.89872853, 20.21409198, 705.27457040]}
- {score: 75.41577713, R: [-0.91100502, 0.08987325, 0.40248313, 0.34382638, 0.70442505, 0.62094183, -0.22771316, 0.70406543, -0.67263554], t: [-16.83114430, -24.83826600, 706.78802125]}
- {score: 74.68835492, R: [-0.92297817, 0.15245990, 0.35336572, 0.34492912, 0.73494452, 0.58384965, -0.17069056, 0.66076658, -0.73092559], t: [-15.42756053, -22.44503868, 708.95738834]}
- {score: 74.55226290, R: [0.80703094, -0.01090196, 0.59040855, -0.09111141, 0.98555789, 0.14273887, -0.58343792, -0.16898763, 0.79438240], t: [-123.40386728, -60.19199980, 699.14518351]}
- {score: 73.87149874, R: [0.70324801, -0.71076690, 0.01589488, -0.40270358, -0.41666932, -0.81499480, 0.58589420, 0.56674255, -0.57925023], t: [-168.64168813, 55.95824958, 681.38874246]}
