run_time: 17.694637775421143
ests:
- {score: 82.14516947, R: [0.76508490, 0.59685566, -0.24167841, 0.12124883, -0.50213500, -0.85624713, -0.63241111, 0.62579853, -0.45654396], t: [-80.21477421, 60.80230704, 666.35400254]}
- {score: 82.03243374, R: [0.43702459, -0.89176437, 0.11732773, -0.24210891, -0.24226019, -0.93951760, 0.86625214, 0.38218619, -0.32177779], t: [-168.83087570, 31.60176852, 657.69751833]}
- {score: 81.94513984, R: [0.72557612, -0.28466833, -0.62650082, -0.40931281, -0.91039412, -0.06037856, -0.55317480, 0.30024404, -0.77707861], t: [-145.47252801, -65.55833108, 660.76896201]}
- {score: 81.50681748, R: [0.41604744, 0.87359620, -0.25245635, 0.34700256, -0.40913821, -0.84391657, -0.84053181, 0.26350633, -0.47336101], t: [-79.69414547, 59.20885839, 665.64877836]}
- {score: 80.90149973, R: [-0.45267572, 0.89081260, -0.03921203, 0.65649443, 0.30320049, -0.69071307, -0.60340681, -0.33841150, -0.72206500], t: [2.95471836, 28.79952960, 681.17561118]}
- {score: 80.10617781, R: [0.34371308, 0.78191280, 0.52007088, 0.88232494, -0.07929115, -0.46391342, -0.32150281, 0.61832457, -0.71715457], t: [-293.47524957, -59.96226562, 694.83644503]}
- {score: 74.67234671, R: [-0.27583929, 0.42196798, 0.86362939, 0.94917644, 0.26126861, 0.17550720, -0.15158084, 0.86814846, -0.47259021], t: [-92.17498672, -143.30984249, 785.17152809]}
- {score: 74.30583900, R: [-0.95451635, -0.18972194, -0.23000902, -0.29485043, 0.48603351, 0.82269961, -0.04429207, 0.85309846, -0.51986653], t: [4.75346027, -3.53041859, 677.66437101]}
