run_time: 17.42870593070984
ests:
- {score: 84.17898875, R: [-0.54054445, 0.83158609, 0.12757844, 0.07477648, 0.19852970, -0.97723818, -0.83798578, -0.51870081, -0.16949721], t: [-130.63404129, 1.01709058, 589.98441996]}
- {score: 83.42810312, R: [0.94274581, -0.03406843, -0.33176746, -0.33014022, -0.23642478, -0.91384398, -0.04730482, 0.97105237, -0.23413581], t: [-37.10619053, 27.21432879, 577.75886593]}
- {score: 82.34911269, R: [-0.23482649, 0.68034307, -0.69425486, 0.97202986, 0.16714895, -0.16498225, 0.00379946, -0.71357870, -0.70056477], t: [-104.90053313, -95.67671594, 609.35520346]}
- {score: 82.15622425, R: [0.31230941, -0.94664528, 0.07953312, -0.11747988, -0.12156449, -0.98560670, 0.94268833, 0.29847072, -0.14917751], t: [-128.08953726, 1.41807891, 589.72219861]}
- {score: 82.04054385, R: [0.73450930, 0.66446431, -0.13777958, 0.28038100, -0.48205532, -0.83006571, -0.61796644, 0.57106023, -0.54037730], t: [45.20355731, -1.95133618, 587.59187175]}
- {score: 80.26099977, R: [0.90716242, -0.15211895, 0.39232150, 0.14852695, -0.75658949, -0.63679836, 0.39369541, 0.63594986, -0.66375579], t: [-245.20173923, -75.27832117, 660.31062008]}
- {score: 77.70958236, R: [-0.59695294, -0.61470636, 0.51554176, 0.74466518, -0.66365676, 0.07094683, 0.29853128, 0.42625793, 0.85392227], t: [-101.66466507, -93.41796241, 609.24681066]}
- {score: 77.66322242, R: [0.47385632, 0.87829097, -0.06375867, -0.64108681, 0.39370399, 0.65879047, 0.60371173, -0.27129717, 0.74961987], t: [-75.01411373, 133.80195449, 609.32779009]}
- {score: 77.19819202, R: [-0.76801478, -0.63063651, -0.11158358, 0.19399674, -0.39513102, 0.89790691, -0.61034298, 0.66795892, 0.42580786], t: [-127.63914832, -3.18908619, 586.59220058]}
