run_time: 16.23646855354309
ests:
- {score: 82.52462510, R: [0.67987111, -0.70315953, -0.20818721, -0.32534782, -0.03479615, -0.94495400, 0.65720929, 0.71018018, -0.25242833], t: [-50.05822718, 94.06566634, 690.20139392]}
- {score: 81.53574353, R: [0.49780783, 0.76601051, -0.40671277, 0.34410824, -0.60490495, -0.71810831, -0.79610104, 0.21752672, -0.56471694], t: [31.59543958, 79.48972351, 733.71862898]}
- {score: 81.28593237, R: [-0.87840805, 0.14443547, 0.45556305, -0.27756763, 0.62179836, -0.73234075, -0.38904434, -0.76974356, -0.50610209], t: [-210.08043997, 74.19886140, 672.43173506]}
- {score: 80.29720160, R: [0.84780996, -0.48544027, -0.21346207, -0.47083252, -0.87426978, 0.11819095, -0.24399810, 0.00030143, -0.96977566], t: [-80.18836879, -3.39770074, 699.76960919]}
- {score: 79.27562816, R: [-0.62214624, 0.77737726, -0.09283676, 0.59246071, 0.38997116, -0.70492046, -0.51178544, -0.49356574, -0.70318456], t: [79.86437895, 19.00955142, 780.06215179]}
- {score: 78.88128250, R: [0.73022183, -0.51882091, -0.44452327, 0.67541912, 0.45021844, 0.58404822, -0.10288387, -0.72672426, 0.67918090], t: [-209.43757868, 76.11496428, 673.26278289]}
- {score: 77.28036489, R: [0.95142516, 0.14517165, 0.27150571, -0.28241632, 0.06034631, 0.95739193, 0.12260179, -0.98756441, 0.09841383], t: [-71.19375756, 18.66255611, 677.01564407]}
- {score: 76.33820521, R: [0.72653206, -0.68708897, 0.00774196, -0.13765482, -0.13449993, 0.98130571, -0.67320307, -0.71401578, -0.19229963], t: [-127.59944412, 89.33361644, 702.09565677]}
- {score: 72.89992691, R: [-0.03859398, -0.46698890, 0.88342056, -0.34777221, -0.82253185, -0.44999537, 0.93678436, -0.32459624, -0.13066098], t: [-102.71767010, 19.06565835, 686.20878919]}
