run_time: 16.69652247428894
ests:
- {score: 82.19717144, R: [-0.72060418, 0.68155444, -0.12733094, 0.66072382, 0.73068887, 0.17186578, 0.21017519, 0.03971662, -0.97685669], t: [-133.47745848, 56.28556325, 759.73633017]}
- {score: 82.15336615, R: [0.45316613, -0.89141255, 0.00490893, -0.31970940, -0.16766576, -0.93256320, 0.83212160, 0.42103661, -0.36097344], t: [-121.67541228, 159.62774321, 760.23707130]}
- {score: 79.51047287, R: [0.72822083, 0.18442312, 0.66006251, 0.65211117, -0.48272645, -0.58457349, 0.21082079, 0.85613273, -0.47179584], t: [-270.78772138, 108.90328890, 720.57699093]}
- {score: 78.91537053, R: [-0.47309576, -0.21695461, 0.85388003, -0.77902676, 0.55566370, -0.29043950, -0.41145794, -0.80260114, -0.43189562], t: [-245.63400810, -23.36808691, 874.84497068]}
- {score: 78.68891423, R: [-0.64589153, 0.74042928, -0.18598018, 0.60890102, 0.35268693, -0.71052904, -0.46050370, -0.57216821, -0.67864563], t: [-43.03375551, 155.53238032, 813.79951166]}
- {score: 76.09802097, R: [0.68109566, -0.70927465, -0.18176399, 0.06296900, -0.19058488, 0.97964906, -0.72948173, -0.67868026, -0.08514422], t: [-194.79722579, 135.51904375, 761.52183404]}
- {score: 75.01630642, R: [0.18528075, -0.20390830, -0.96129727, 0.81509591, 0.57830183, 0.03443372, 0.54889868, -0.78992937, 0.27335300], t: [-166.19409714, -38.03240799, 877.70925892]}
- {score: 74.92119163, R: [0.80828951, 0.53628451, 0.24303696, -0.45311058, 0.30298417, 0.83838617, 0.37597716, -0.78778137, 0.48789513], t: [-133.90958018, -21.77843123, 882.35132306]}
- {score: 73.88212646, R: [-0.06674805, 0.14906150, 0.98657255, 0.94564504, 0.32485924, 0.01489598, -0.31827677, 0.93394174, -0.16264298], t: [-223.35445232, 167.88002016, 761.15917155]}
- {score: 73.69692789, R: [-0.42660358, -0.10867054, 0.89788646, -0.23997598, 0.97077263, 0.00347459, -0.87202114, -0.21398894, -0.44021340], t: [-74.88457740, -54.46115257, 892.35624465]}
