run_time: 18.39763331413269
ests:
- {score: 82.22840635, R: [0.94672541, 0.32204196, 0.00012882, 0.28767886, -0.84552618, -0.44980698, -0.14474782, 0.42588074, -0.89312577], t: [-8.32367983, -85.60775388, 746.49674453]}
- {score: 81.61854183, R: [0.76859724, 0.49064403, -0.41052012, 0.44520907, -0.87104926, -0.20751400, -0.45939877, -0.02327259, -0.88792521], t: [108.08892918, -90.83279823, 743.31061140]}
- {score: 78.16502921, R: [-0.89144967, -0.15894159, -0.42432899, -0.35182545, 0.83292908, 0.42713932, 0.28554577, 0.53006294, -0.79843404], t: [8.65751234, -141.40697236, 741.60148345]}
- {score: 75.05333406, R: [-0.68469405, -0.31393638, 0.65775226, -0.71762817, 0.44801439, -0.53319128, -0.12729434, -0.83709439, -0.53204238], t: [-73.58754588, 62.81727828, 615.53421065]}
- {score: 73.04476615, R: [0.34087872, 0.92394896, -0.17355126, -0.49146975, 0.33251405, 0.80491732, 0.80141073, -0.18908400, 0.56743991], t: [-44.25644926, 80.42429414, 631.17825421]}
