run_time: 18.10047960281372
ests:
- {score: 80.57241514, R: [-0.18902525, 0.64339273, 0.74183238, 0.87802105, 0.44902063, -0.16570917, -0.43971412, 0.62002122, -0.64978861], t: [-185.22372822, 38.03818741, 596.35956896]}
- {score: 80.11154089, R: [0.95156318, -0.09155716, -0.29350426, 0.03929032, -0.91059116, 0.41143651, -0.30493234, -0.40303973, -0.86288771], t: [-30.95746464, 20.45592540, 612.46936357]}
- {score: 78.95234720, R: [0.44463146, 0.89307755, -0.06866846, 0.80012822, -0.43047345, -0.41771689, -0.40261351, 0.13078649, -0.90597862], t: [32.91628509, 112.91712390, 697.72385608]}
- {score: 78.82230346, R: [-0.09934102, 0.47289713, 0.87549967, 0.98835137, -0.05505317, 0.14188278, 0.11529500, 0.87939607, -0.46191947], t: [-111.88714480, -126.05635053, 695.11099054]}
- {score: 78.32770858, R: [-0.96676544, -0.11773641, 0.22694212, -0.24663447, 0.66331562, -0.70652940, -0.06735001, -0.73901994, -0.67030849], t: [-49.45988775, 112.15267969, 648.60427382]}
- {score: 76.83389244, R: [-0.74395609, -0.10101811, -0.66054877, -0.03971112, -0.98007671, 0.19460911, -0.66704752, 0.17101177, 0.72512250], t: [-85.68768832, -189.93176671, 721.06074800]}
- {score: 76.46099541, R: [0.94860294, -0.11062948, -0.29650226, 0.03017325, -0.90102368, 0.43271923, -0.31502709, -0.41942517, -0.85137562], t: [-31.47191830, 18.09079725, 611.36136407]}
- {score: 74.86700684, R: [0.21618008, -0.32272173, -0.92147534, 0.25467968, 0.92975767, -0.26587395, 0.94255207, -0.17720441, 0.28318575], t: [-28.13641507, -122.33302605, 693.32063997]}
- {score: 74.77626817, R: [-0.03650828, 0.98069977, -0.19208106, -0.57075179, 0.13731416, 0.80955989, 0.82031062, 0.13918625, 0.55472303], t: [-32.45144998, 52.34057231, 601.95925941]}
