run_time: 17.44525957107544
ests:
- {score: 81.54281616, R: [0.95472073, 0.28972560, -0.06758262, 0.22555758, -0.85304016, -0.47058075, -0.19398999, 0.43402942, -0.87976492], t: [0.79508237, -67.30410038, 675.27257835]}
- {score: 79.18950610, R: [0.47978904, -0.74239335, -0.46760522, -0.87736780, -0.40273753, -0.26082221, 0.00531050, 0.53540136, -0.84458105], t: [113.10144619, -74.10174158, 670.07601833]}
- {score: 78.58247544, R: [-0.92755734, -0.10734333, -0.35793130, -0.27488324, 0.84485784, 0.45897108, 0.25313357, 0.52411129, -0.81316094], t: [15.31906792, -123.22675286, 670.66263817]}
- {score: 74.48073166, R: [0.65913235, -0.13899710, -0.73906993, -0.29379359, 0.85707683, -0.42320762, 0.69226433, 0.49608381, 0.52409057], t: [34.26048260, -110.76800264, 654.42838725]}
- {score: 74.07692354, R: [0.93596995, 0.33081186, 0.12051436, 0.29017686, -0.53095856, -0.79616607, -0.19939305, 0.78015800, -0.59295521], t: [-38.05789335, 88.82481850, 554.69938346]}
