run_time: 18.432665824890137
ests:
- {score: 81.55305581, R: [-0.56730606, 0.47089674, 0.67558870, 0.47914388, 0.85596618, -0.19427572, -0.66976492, 0.21349040, -0.71122207], t: [-177.54469165, 58.71907807, 532.00431285]}
- {score: 80.42275820, R: [0.93503026, -0.16911828, -0.31163661, -0.03142666, -0.91498931, 0.40225231, -0.35317238, -0.36632440, -0.86085751], t: [-24.76020372, 36.97253595, 540.23582942]}
- {score: 79.47011703, R: [0.41603320, 0.31279582, 0.85385899, 0.50551252, -0.86007450, 0.06876744, 0.75589247, 0.40302686, -0.51594173], t: [-106.91214926, -104.02254491, 630.66024378]}
- {score: 77.38977321, R: [-0.49110514, -0.59053411, -0.64037898, 0.65527492, -0.73481776, 0.17509334, -0.57396041, -0.33363501, 0.74783497], t: [-82.18710777, -168.63551921, 655.81354870]}
- {score: 77.03843900, R: [-0.93259743, -0.14840946, -0.32899338, -0.29336211, 0.84269070, 0.45145437, 0.21023954, 0.51753939, -0.82942891], t: [-23.93940151, 34.35625524, 539.65759126]}
- {score: 76.39640877, R: [0.05838641, 0.03692928, 0.99761079, -0.98688054, -0.14854409, 0.06325718, 0.15052524, -0.98821604, 0.02777183], t: [18.67696567, -6.22594631, 637.76744161]}
- {score: 74.66418363, R: [0.60815151, -0.77652943, -0.16478398, 0.51344291, 0.22646825, 0.82770074, -0.60541564, -0.58797463, 0.53643056], t: [-24.48949821, 69.24880446, 529.36187430]}
- {score: 74.59958954, R: [-0.12181885, -0.98549370, 0.11816221, 0.94130854, -0.15246561, -0.30115177, 0.31479887, 0.07454113, 0.94622685], t: [-22.19393558, 34.07235246, 541.27952953]}
- {score: 73.24699675, R: [-0.05265785, -0.32719301, -0.94348918, 0.93008601, 0.32788804, -0.16561822, 0.36354795, -0.88624722, 0.28705175], t: [-18.64676250, -99.22914293, 622.61038257]}
- {score: 71.58654624, R: [0.94403242, -0.31108673, -0.10967135, 0.29517842, 0.64834255, 0.70179891, -0.14721572, -0.69489352, 0.70388244], t: [51.01533057, 17.99299360, 648.59949483]}
