run_time: 12.413034915924072
ests:
- {score: 77.81500649, R: [-0.97509574, 0.22169767, -0.00620123, 0.18411401, 0.82474715, 0.53469071, 0.12365413, 0.52023289, -0.84502509], t: [-15.42162490, -136.75868130, 673.12693322]}
- {score: 76.56057461, R: [0.34995543, -0.91971690, -0.17791022, -0.92161147, -0.30400395, -0.24127547, 0.16781971, 0.24839975, -0.95400947], t: [79.74531439, -128.13635020, 688.53996608]}
- {score: 73.46527665, R: [0.92743011, 0.15479213, -0.34045962, -0.18787453, -0.59430744, -0.78198587, -0.32338294, 0.78920093, -0.52209711], t: [41.83668561, 66.28084060, 554.28530444]}
