run_time: 18.550803899765015
ests:
- {score: 81.44464676, R: [-0.13629531, 0.76676375, 0.62729337, 0.67187338, 0.53686876, -0.51025302, -0.72801771, 0.35191658, -0.58834084], t: [-93.73040656, 108.99597531, 514.55062222]}
- {score: 81.18053236, R: [-0.35148632, 0.93392198, 0.06516971, 0.82396666, 0.27555388, 0.49512524, 0.44445058, 0.22772740, -0.86637404], t: [28.77614817, 19.19750053, 543.23503945]}
- {score: 80.18752110, R: [0.43018515, -0.29000021, 0.85489217, 0.00108727, -0.94682925, -0.32173465, 0.90274006, 0.13933499, -0.40699656], t: [-113.76205479, -67.31202712, 618.65857672]}
- {score: 76.72113414, R: [0.54697999, 0.64098386, -0.53847247, -0.39850376, 0.76503623, 0.50587974, 0.73621170, -0.06212278, 0.67389395], t: [-123.66223204, -138.16559547, 644.20260370]}
- {score: 74.95046860, R: [0.15158119, 0.20051150, 0.96789372, 0.89125548, -0.45115054, -0.04611735, 0.42741873, 0.86963114, -0.24709292], t: [44.59404398, -135.06345460, 634.47725563]}
- {score: 74.78259411, R: [-0.26351108, 0.23238257, -0.93624800, -0.95937130, -0.16458676, 0.22916779, -0.10083942, 0.95859772, 0.26631158], t: [-38.76154403, -101.13662592, 619.92201848]}
- {score: 72.77375893, R: [-0.41499630, 0.29792422, 0.85966227, -0.90767712, -0.20042928, -0.36871445, 0.06245251, -0.93331089, 0.35359642], t: [-23.45074385, -112.59321630, 632.73003925]}
