run_time: 18.30684733390808
ests:
- {score: 82.56380183, R: [-0.85166166, -0.44097939, 0.28321298, -0.37478222, 0.13470854, -0.91727415, 0.36634779, -0.88735041, -0.27999732], t: [-225.73641598, -39.87609100, 599.83802709]}
- {score: 81.14107872, R: [-0.17793264, -0.94317083, 0.28065783, -0.47802216, -0.16645180, -0.86243181, 0.86013651, -0.28761541, -0.42123932], t: [-19.61906848, 122.27581776, 500.64829237]}
- {score: 80.92586089, R: [0.27592353, 0.76188002, 0.58600776, 0.84105502, -0.48650905, 0.23650652, 0.46528768, 0.42760706, -0.77502234], t: [9.78096682, -19.17046026, 558.64900309]}
- {score: 79.93840942, R: [0.20035635, 0.76585397, 0.61100331, 0.30622760, 0.54344798, -0.78159391, -0.93063526, 0.34370337, -0.12564235], t: [-172.17795570, 6.21521839, 580.78018578]}
- {score: 74.99654602, R: [0.76553055, 0.21661401, -0.60583938, -0.18901433, -0.82435791, -0.53358000, -0.61500936, 0.52298410, -0.59012803], t: [-76.82001569, 113.37996427, 569.04292803]}
- {score: 74.09380123, R: [0.67694855, -0.44620049, -0.58535951, 0.56483317, -0.19498185, 0.80183887, -0.47191536, -0.87343414, 0.12003615], t: [-76.46575615, 85.85336463, 555.93891936]}
