run_time: 17.161389112472534
ests:
- {score: 83.49680790, R: [-0.62453375, -0.77419667, 0.10284523, -0.06277765, -0.08149461, -0.99469476, 0.77847065, -0.62767675, 0.00229389], t: [-102.60998225, 59.28331746, 575.72477682]}
- {score: 83.30537523, R: [0.69733663, -0.71169380, -0.08493263, -0.29000291, -0.17179766, -0.94147964, 0.65545395, 0.68115895, -0.32619407], t: [104.12465639, 68.85181785, 554.19661631]}
- {score: 83.26055390, R: [-0.27677709, 0.95378069, -0.11703350, 0.23159763, -0.05199092, -0.97142136, -0.93260766, -0.29597187, -0.20650346], t: [-177.33109277, 47.39150800, 569.62539093]}
- {score: 81.39426649, R: [0.17730196, -0.54861023, 0.81706232, -0.84953722, -0.50444155, -0.15435439, 0.49684058, -0.66675751, -0.55550327], t: [37.68369504, -63.29670618, 611.64526064]}
- {score: 79.10100103, R: [0.82916632, 0.08765678, -0.55208652, -0.00160273, -0.98725202, -0.15915667, -0.55899969, 0.13285220, -0.81845563], t: [30.10244665, 92.14840393, 602.28324751]}
- {score: 73.21188630, R: [0.49843357, 0.40969794, -0.76401020, -0.31515477, 0.90661968, 0.28056763, 0.80761470, 0.10093714, 0.58100795], t: [1.16156359, 101.81787691, 591.80382288]}
- {score: 72.26753582, R: [0.31234135, 0.76374886, 0.56491640, -0.94996292, 0.25339248, 0.18265443, -0.00364345, -0.59370017, 0.80467808], t: [69.99127305, -61.16090128, 615.02334538]}
