run_time: 17.49302625656128
ests:
- {score: 84.39654378, R: [-0.92395991, 0.36867399, -0.10187060, 0.06542802, -0.11006787, -0.99176821, -0.37685184, -0.92301924, 0.07757670], t: [-89.99206889, 50.03520395, 653.68424439]}
- {score: 83.77568775, R: [-0.90844944, 0.29887391, -0.29222252, 0.33969611, 0.12050729, -0.93278325, -0.24356962, -0.94665328, -0.21100108], t: [-162.06978440, 53.88397746, 629.44324542]}
- {score: 83.07726506, R: [0.98222006, 0.01549147, -0.18709301, -0.17558180, -0.27691584, -0.94471620, -0.06644406, 0.96076929, -0.26927228], t: [111.55549635, 17.70530426, 685.02509828]}
- {score: 81.02295325, R: [0.94596411, -0.02286627, -0.32346418, -0.07168578, -0.98757722, -0.13982992, -0.31624849, 0.15546186, -0.93585175], t: [35.73100162, 59.79247100, 712.96939279]}
- {score: 77.07449310, R: [0.94733186, -0.23519469, -0.21736103, -0.05286414, 0.55456218, -0.83046145, 0.31586033, 0.79821319, 0.51292103], t: [-134.00045100, -57.48786556, 696.97600940]}
- {score: 75.19193242, R: [0.51201730, 0.17639996, 0.84066720, 0.81899944, 0.19483449, -0.53970308, -0.25899458, 0.96484327, -0.04471285], t: [15.49733454, 73.40503899, 693.69035530]}
