run_time: 17.234694719314575
ests:
- {score: 84.18620541, R: [0.90106555, 0.18185040, -0.39371476, -0.34610358, -0.24551733, -0.90550183, -0.26132966, 0.95218259, -0.15828813], t: [79.29733958, -4.42247251, 662.22959157]}
- {score: 82.58883410, R: [-0.87078647, -0.42458648, -0.24790573, 0.25485176, 0.04140171, -0.96609344, 0.42045390, -0.90444026, 0.07215456], t: [148.64170245, -16.01570665, 692.27952755]}
- {score: 82.08267566, R: [-0.72463730, 0.61361521, -0.31365135, 0.66537534, 0.74146064, -0.08667041, 0.17937785, -0.27150049, -0.94557445], t: [271.22249640, -21.73443382, 759.20576338]}
- {score: 76.13947323, R: [-0.75189910, 0.13732432, 0.64481765, -0.07181155, -0.98930597, 0.12695177, 0.65535548, 0.04914956, 0.75371976], t: [237.78329759, -89.27009222, 742.18834571]}
- {score: 75.47396302, R: [0.07131164, -0.78760001, 0.61204648, 0.96718633, 0.20461320, 0.15061229, -0.24385502, 0.58122257, 0.77634726], t: [238.60855483, -91.35782688, 740.73744726]}
- {score: 75.20318103, R: [0.50992300, 0.33918087, 0.79052821, 0.68380952, 0.39772811, -0.61173269, -0.52190337, 0.85250730, -0.02912439], t: [255.39740747, -2.76742160, 737.83967940]}
