run_time: 17.434277534484863
ests:
- {score: 83.29700219, R: [-0.84449459, 0.02274915, -0.53508066, 0.47642035, 0.48830179, -0.73115321, 0.24464774, -0.87237827, -0.42320640], t: [89.40229016, -84.88053258, 703.53621592]}
- {score: 82.49272358, R: [-0.66378621, 0.16198115, -0.73017121, 0.61443860, -0.43853464, -0.65586019, -0.42644235, -0.88399630, 0.19156578], t: [39.02566077, -33.45230851, 711.84565519]}
- {score: 80.36359627, R: [-0.33617208, 0.89732175, 0.28601061, 0.71204531, 0.44092551, -0.54642130, -0.61642503, 0.01996092, -0.78716055], t: [-111.01542685, -114.96621462, 738.19932736]}
- {score: 77.54711776, R: [0.01618102, 0.86995168, 0.49287141, -0.71339491, -0.33533915, 0.61531731, 0.70057542, -0.36156841, 0.61519293], t: [90.84309021, -82.32213877, 703.79897871]}
