run_time: 17.338616847991943
ests:
- {score: 82.80515563, R: [-0.35521218, 0.92129268, 0.15825316, 0.29750462, 0.27190879, -0.91518120, -0.88618019, -0.27800244, -0.37067414], t: [116.86297398, -4.58149986, 569.65314552]}
- {score: 82.69101957, R: [-0.95018111, -0.27207023, -0.15209741, 0.04575269, 0.36093768, -0.93146694, 0.30832212, -0.89202118, -0.33050824], t: [-66.25819584, -29.91601128, 714.92676191]}
- {score: 76.41741364, R: [0.34406913, 0.93563823, -0.07872456, -0.53721212, 0.26492887, 0.80075955, 0.77007761, -0.23322484, 0.59379002], t: [117.34997594, -5.79368109, 569.54381592]}
