run_time: 16.685810565948486
ests:
- {score: 81.57000866, R: [0.59407952, 0.79041132, -0.14939708, 0.38417170, -0.44196072, -0.81060646, -0.70674019, 0.42417054, -0.56621344], t: [-89.52666210, 76.49822001, 737.24140689]}
- {score: 81.21139631, R: [-0.92794977, -0.35831151, 0.10257706, -0.28846923, 0.51621281, -0.80641788, 0.23599721, -0.77790566, -0.58238139], t: [132.77045536, 99.50888842, 658.97634479]}
- {score: 81.08970993, R: [0.72172167, 0.38880700, -0.57266653, -0.60019819, -0.06058568, -0.79755341, -0.34478975, 0.91932501, 0.18963526], t: [-39.44822663, -85.44122491, 792.65475576]}
- {score: 80.00532520, R: [0.68113924, 0.71297650, 0.16647479, 0.50307696, -0.29056544, -0.81393200, -0.53194256, 0.63815064, -0.55659755], t: [130.74237256, 98.42492647, 656.87501076]}
- {score: 79.41157456, R: [-0.83136220, 0.48707881, -0.26756519, 0.52900652, 0.84112807, -0.11249740, 0.17026149, -0.23506982, -0.95694993], t: [193.99170336, -55.17707098, 779.48711748]}
- {score: 79.27818381, R: [0.88329002, -0.45922147, 0.09441570, 0.30500695, 0.71581450, 0.62815629, -0.35604699, -0.52604674, 0.77233761], t: [-88.21201958, 75.52885247, 737.85890897]}
- {score: 76.70316993, R: [0.28706241, -0.80947521, 0.51219637, 0.95771481, 0.23168379, -0.17060184, 0.01943037, 0.53951141, 0.84175406], t: [225.04342845, 13.96570407, 772.11670507]}
- {score: 72.45055895, R: [-0.12793611, 0.73390360, 0.66709659, -0.86081044, 0.25189943, -0.44221272, -0.49258274, -0.63081869, 0.59952481], t: [-74.53176718, 46.82839598, 733.56986568]}
- {score: 71.41609546, R: [0.55148318, 0.81672908, 0.16976419, -0.76701033, 0.41645086, 0.48812283, 0.32796568, -0.39940240, 0.85610528], t: [110.15524487, 200.66204322, 730.07712444]}
