run_time: 34.92668414115906
ests:
- {score: 84.70838629, R: [-0.55180602, 0.83383274, -0.01526733, -0.04784139, -0.01337280, 0.99876541, 0.83259912, 0.55185518, 0.04727091], t: [49.59865441, 103.22567569, 679.13234085]}
- {score: 83.55386163, R: [0.59613406, -0.79901156, -0.07876988, 0.00250357, -0.09625817, 0.99535327, -0.80288100, -0.59356119, -0.05538238], t: [45.74481550, 90.05614921, 673.23062046]}
- {score: 81.33914732, R: [0.60789879, -0.79064234, -0.07310086, -0.00214833, -0.09370234, 0.99559797, -0.79401159, -0.60506575, -0.05866009], t: [44.95201072, 118.07946251, 673.66166705]}
- {score: 78.10545357, R: [0.03629550, -0.74097257, -0.67055369, 0.99934087, 0.02734347, 0.02387700, 0.00064309, -0.67097840, 0.74147665], t: [8.69694368, 16.12711113, 723.06928068]}
- {score: 77.82946460, R: [-0.58320070, -0.74265194, -0.32915811, -0.81184612, 0.54681730, 0.20468680, 0.02797830, 0.38659924, -0.92182331], t: [-13.13340972, -84.57310010, 853.10364207]}
- {score: 75.05008905, R: [0.79197525, 0.61050075, -0.00800111, -0.35047117, 0.46530312, 0.81281178, 0.49994511, -0.64092266, 0.58247144], t: [134.20291526, 133.08703223, 685.87202234]}
- {score: 74.93314259, R: [-0.97477870, 0.16111604, 0.15442838, 0.21481715, 0.86495305, 0.45355241, -0.06049873, 0.47528709, -0.87774831], t: [-104.37006823, 30.57195520, 777.84778937]}
