run_time: 17.643431901931763
ests:
- {score: 84.42666176, R: [0.57806320, 0.74784855, 0.32644370, -0.21617315, -0.24541141, 0.94500921, 0.78683676, -0.61684346, 0.01980146], t: [90.30817261, 99.19058367, 658.72040061]}
- {score: 83.66109071, R: [-0.58583297, -0.77904906, 0.22334341, 0.16058137, 0.15853797, 0.97420704, -0.79436348, 0.60658740, 0.03222399], t: [81.75250562, 90.76489446, 659.95212368]}
- {score: 77.66943741, R: [-0.22829152, 0.59264911, -0.77243124, -0.96967818, -0.20948299, 0.12586154, -0.08721948, 0.77774281, 0.62250210], t: [14.89021954, 34.93272290, 696.59062706]}
- {score: 74.11133318, R: [-0.95370966, 0.29281842, 0.06852204, 0.28426110, 0.80340597, 0.52319638, 0.09815053, 0.51845558, -0.84945294], t: [-77.13348825, 84.04807612, 715.79313063]}
