run_time: 16.830769777297974
ests:
- {score: 82.77196591, R: [-0.54928154, -0.06154315, -0.83336798, 0.79778866, 0.25811879, -0.54489256, 0.24864235, -0.96415100, -0.09268145], t: [-86.47543574, -37.28796801, 738.85744304]}
- {score: 80.33533861, R: [0.33321424, -0.94284808, 0.00240746, -0.50459443, -0.18048572, -0.84428039, 0.79646261, 0.28011145, -0.53589630], t: [170.94520643, 79.25501011, 666.96785041]}
- {score: 79.82098530, R: [-0.94517957, -0.23960313, -0.22186907, -0.00659084, 0.69329059, -0.72062804, 0.32648447, -0.67966058, -0.65686332], t: [-63.28525929, 129.58865628, 679.60128029]}
- {score: 77.35175356, R: [0.63905699, 0.76565826, -0.07330483, 0.73247776, -0.63489068, -0.24574412, -0.23469657, 0.10335036, -0.96655899], t: [-121.46094944, -110.10555041, 866.34393937]}
- {score: 73.92568332, R: [-0.07345359, -0.66213127, 0.74577927, -0.85591677, -0.34195889, -0.38790541, 0.51187017, -0.66681802, -0.54161114], t: [46.29521948, 27.11854812, 668.49008233]}
