run_time: 16.010961771011353
ests:
- {score: 81.69000224, R: [-0.41215868, 0.37836922, -0.82883166, 0.81964006, -0.24329018, -0.51865213, -0.39788861, -0.89311064, -0.20985241], t: [-134.54703967, 13.08944204, 794.09867457]}
- {score: 79.64374988, R: [0.95468421, 0.28976149, 0.06794382, 0.21456025, -0.51186545, -0.83183994, -0.20625706, 0.80872248, -0.55084114], t: [131.96539268, 121.60202869, 754.12451247]}
- {score: 79.26013203, R: [0.74159025, 0.65759132, -0.13273118, 0.38448499, -0.57875905, -0.71917263, -0.54974105, 0.48229821, -0.68203608], t: [-98.84531683, 181.40737245, 743.20217553]}
