run_time: 17.922959327697754
ests:
- {score: 84.17925136, R: [0.81757082, -0.49156277, 0.29990668, -0.23385040, 0.19250662, 0.95302423, -0.52620523, -0.84929811, 0.04243566], t: [46.99575028, 137.49195665, 736.55238145]}
- {score: 82.79260867, R: [0.81929575, -0.48914279, 0.29915521, -0.23359758, 0.19172763, 0.95324324, -0.52362839, -0.85087004, 0.04281905], t: [46.14222645, 134.26673299, 735.71122765]}
- {score: 80.06299624, R: [-0.46593797, 0.84771416, -0.25353990, 0.32077441, -0.10521757, -0.94129327, -0.82462450, -0.51991341, -0.22290013], t: [47.66026297, 123.64771261, 735.51739476]}
- {score: 77.60959135, R: [0.47957037, 0.38452629, -0.78876601, -0.27167903, 0.91977270, 0.28321146, 0.83438765, 0.07847135, 0.54556344], t: [-24.33925135, 88.93566625, 767.98800198]}
