run_time: 17.104445219039917
ests:
- {score: 83.27270758, R: [0.15132105, -0.52790420, -0.83571471, -0.73871852, 0.50137363, -0.45046582, 0.65680814, 0.68552292, -0.31410420], t: [-176.44639677, -37.55235751, 700.82651066]}
- {score: 79.50413628, R: [0.92416531, -0.37962362, -0.04247864, -0.18339101, -0.34338168, -0.92111714, 0.33509141, 0.85905470, -0.38696102], t: [-195.94461153, 105.45724171, 691.53306250]}
- {score: 78.98258724, R: [0.89980525, 0.42352690, -0.10476375, 0.21261648, -0.63534981, -0.74237781, -0.38097859, 0.64572098, -0.66173994], t: [-121.66091226, 128.38922865, 654.12554610]}
- {score: 77.42665051, R: [0.43856187, -0.26936350, -0.85738370, 0.82155935, 0.50687582, 0.26099258, 0.36428517, -0.81885300, 0.44359448], t: [-27.80890985, 8.03364271, 674.44566404]}
- {score: 77.33060529, R: [-0.41696664, 0.90873915, -0.01822047, -0.67402398, -0.29569677, 0.67694545, 0.60977911, 0.29454469, 0.73580764], t: [97.23059236, 55.13601742, 710.05438385]}
- {score: 76.94503913, R: [0.91075120, -0.08319086, 0.40448915, 0.27837136, -0.59982250, -0.75014819, 0.30502718, 0.79579659, -0.52313112], t: [-245.52061085, 31.64201263, 729.59590589]}
- {score: 73.59215105, R: [0.97670620, 0.11995170, -0.17792297, 0.20714875, -0.74340680, 0.63595260, -0.05598552, -0.65799538, -0.75093788], t: [96.69168644, 21.03123441, 715.80583184]}
