run_time: 18.271661520004272
ests:
- {score: 81.76161032, R: [0.89742802, -0.31961463, 0.30408788, -0.25764427, 0.17981615, 0.94936059, -0.35810946, -0.93032934, 0.07902518], t: [15.49360261, 70.27011465, 674.44292244]}
- {score: 80.61707846, R: [-0.89411778, 0.29983130, 0.33264781, 0.25246202, -0.27604077, 0.92739656, 0.36988687, 0.91318275, 0.17111695], t: [18.93357356, 72.39263880, 680.66582272]}
- {score: 74.87688286, R: [-0.97374099, -0.05848390, 0.22001856, 0.03778560, 0.91151731, 0.40952215, -0.22450119, 0.40708202, -0.88537191], t: [92.56254146, 8.95978326, 751.29783161]}
- {score: 74.78449595, R: [-0.30372124, -0.93965405, -0.15749180, 0.51341301, -0.30066176, 0.80374723, -0.80259609, 0.16325678, 0.57374794], t: [86.33562925, 85.03224989, 739.19518119]}
