run_time: 15.891207933425903
ests:
- {score: 83.55696165, R: [-0.51856299, 0.27309668, -0.81025341, 0.84731126, 0.03701114, -0.52980540, -0.11469968, -0.96127437, -0.25059050], t: [-43.01407337, -40.80586027, 615.83950497]}
- {score: 83.02427880, R: [-0.36352028, 0.93105700, 0.03139793, 0.25053961, 0.13017111, -0.95931509, -0.89726415, -0.34086405, -0.28058650], t: [-67.39127177, 98.21815134, 586.18520505]}
- {score: 81.48404093, R: [-0.20054364, 0.96977887, 0.13896452, 0.35032273, 0.20345399, -0.91426499, -0.91490779, -0.13466758, -0.38053699], t: [231.88509841, 55.59924575, 609.40397395]}
- {score: 80.73560305, R: [0.17222252, -0.90980901, 0.37760686, -0.39224323, -0.41497261, -0.82094031, 0.90359539, -0.00672932, -0.42833405], t: [-111.46517510, 30.48893874, 636.30890724]}
- {score: 80.64217683, R: [0.91358588, -0.39616671, -0.09172117, -0.28998020, -0.47656427, -0.82993856, 0.28508299, 0.78481751, -0.55026289], t: [11.19566406, 115.93572322, 542.42202728]}
- {score: 78.12307470, R: [-0.03816652, 0.63574811, 0.77095244, -0.68821245, -0.57609678, 0.44099448, 0.72450459, -0.51374786, 0.45951737], t: [-26.12250838, -28.17247175, 624.26517503]}
