run_time: 17.501251697540283
ests:
- {score: 84.02539015, R: [-0.70222531, -0.08422035, -0.70695586, 0.63227499, 0.38268279, -0.67363359, 0.32727347, -0.92003303, -0.21547913], t: [-146.14189907, -9.92896757, 654.16282633]}
- {score: 81.47572877, R: [0.80670704, -0.59095080, -0.00096389, -0.34645446, -0.47162246, -0.81088938, 0.47874112, 0.65448415, -0.58519868], t: [-131.62986662, 155.73930947, 584.02492607]}
- {score: 79.90793505, R: [-0.08118021, -0.96800901, 0.23742011, -0.48860851, -0.16896834, -0.85598569, 0.86871830, -0.18549457, -0.45926054], t: [102.30448596, 139.23613590, 624.73894660]}
- {score: 78.34981234, R: [0.36931911, -0.79778329, 0.47659758, -0.38533008, -0.59815321, -0.70266171, 0.84565010, 0.07585900, -0.52831930], t: [-223.14807527, 44.49257420, 683.60716714]}
- {score: 73.64407513, R: [0.67222677, 0.59079878, -0.44617034, 0.63100722, -0.77242003, -0.07209093, -0.38722216, -0.23307527, -0.89203972], t: [15.41358472, 59.01507227, 617.00657983]}
