run_time: 17.83935236930847
ests:
- {score: 81.11031262, R: [0.90187617, -0.41510346, 0.11961844, -0.13905929, -0.01680324, 0.99014146, -0.40900115, -0.90961903, -0.07287842], t: [16.07983611, 133.63511531, 595.24932260]}
- {score: 80.29218342, R: [-0.88534455, -0.43429933, -0.16597916, 0.11173019, 0.14779173, -0.98268714, 0.45131070, -0.88856158, -0.08232228], t: [8.10544537, 75.71489355, 594.24291791]}
- {score: 79.74383063, R: [0.99315110, 0.06042051, 0.10000157, 0.10550630, -0.83148047, -0.54544349, 0.05019338, 0.55225858, -0.83216047], t: [-80.41546917, 119.84353296, 691.27515123]}
- {score: 77.93296190, R: [-0.36631859, -0.06859729, -0.92795749, 0.05945223, -0.99696659, 0.05022941, -0.92858823, -0.03676918, 0.36928566], t: [-49.79041339, 76.09433482, 624.22119010]}
