run_time: 16.716078519821167
ests:
- {score: 82.91647565, R: [0.59522927, -0.46126588, 0.65797866, 0.75155710, 0.02979704, -0.65899473, 0.28436594, 0.88676149, 0.36440372], t: [24.30975373, 78.53036550, 781.40921331]}
- {score: 81.22079840, R: [0.11220027, 0.38298694, -0.91691444, -0.14857800, 0.91883384, 0.36560758, 0.98251496, 0.09521204, 0.15999686], t: [-68.85202850, 10.33798304, 777.51040714]}
- {score: 77.99110025, R: [0.42919473, 0.59811441, 0.67679466, 0.00707573, 0.74707033, -0.66470733, -0.90318426, 0.29007770, 0.31640655], t: [19.13471309, 83.74112479, 776.16316076]}
- {score: 75.12286878, R: [-0.27467219, -0.69655003, -0.66285234, 0.68906789, -0.62339295, 0.36954931, -0.67062706, -0.35524531, 0.65119899], t: [-94.66165557, 102.46408144, 758.81236658]}
