run_time: 16.342079401016235
ests:
- {score: 81.78074713, R: [0.71187245, -0.34267304, 0.61303569, 0.68871823, 0.16972839, -0.70488256, 0.13749470, 0.92399536, 0.35683015], t: [99.30261044, -72.20610694, 900.54551108]}
- {score: 79.89357656, R: [0.19592094, -0.76255176, 0.61654668, -0.75654203, -0.51756121, -0.39971799, 0.62390630, -0.38813036, -0.67830357], t: [-72.01200177, 81.46563252, 725.79651360]}
- {score: 79.00757464, R: [-0.61498884, -0.75044912, -0.24210500, -0.44124525, 0.58197187, -0.68308960, 0.65352224, -0.31326478, -0.68903833], t: [119.20099784, 135.78049226, 780.77857868]}
- {score: 78.14565588, R: [-0.40843692, -0.61453966, -0.67492246, 0.09312724, 0.70749526, -0.70055536, 0.90802345, -0.34898632, -0.23173680], t: [79.65705128, 199.84857657, 785.33584390]}
