run_time: 16.422035932540894
ests:
- {score: 82.77478086, R: [0.69967846, -0.61061111, 0.37095022, 0.27033231, -0.25434365, -0.92856325, 0.66133988, 0.74997557, -0.01289084], t: [-84.73794234, 5.42453460, 706.46959665]}
- {score: 82.15094645, R: [0.46449335, 0.79450522, 0.39116160, 0.72274442, -0.08485474, -0.68588642, -0.51174841, 0.60129953, -0.61363863], t: [-27.41004809, 38.55220555, 683.19658021]}
- {score: 80.00428927, R: [0.93191136, 0.06462653, 0.35688183, 0.01369848, -0.98956611, 0.14342697, 0.36242736, -0.12877248, -0.92307319], t: [-48.55006858, -164.78424015, 703.56855904]}
- {score: 79.29681330, R: [0.19334819, -0.32359480, 0.92623048, -0.66050914, 0.65514208, 0.36676492, -0.72549581, -0.68269699, -0.08706677], t: [167.06475009, -29.99991014, 780.31061328]}
- {score: 79.21073987, R: [-0.33502743, 0.75252655, 0.56697477, 0.18513212, 0.64259692, -0.74350207, -0.92384130, -0.14412834, -0.35460441], t: [30.22909089, 61.49010061, 728.38971462]}
- {score: 79.20708431, R: [-0.78627006, 0.47029884, -0.40074727, -0.49955821, -0.10217170, 0.86023399, 0.36362204, 0.87657283, 0.31527623], t: [-92.95854520, 14.60958922, 707.79761131]}
- {score: 75.33135515, R: [0.38806491, -0.84751478, 0.36211089, 0.16592553, -0.32223537, -0.93200485, 0.90657284, 0.42176182, 0.01557611], t: [131.06784067, 56.11164757, 756.27132405]}
