run_time: 17.823198556900024
ests:
- {score: 83.28064601, R: [-0.33928083, 0.16129075, 0.92675444, 0.94037539, 0.03287525, 0.33854585, 0.02413706, 0.98635923, -0.16282784], t: [-84.75337999, 36.79436965, 642.75521408]}
- {score: 81.55705164, R: [0.13142018, -0.25043780, -0.95917131, 0.06611194, 0.96762332, -0.24358631, 0.98911975, -0.03140053, 0.14372219], t: [-85.38988158, 36.56132641, 643.36442847]}
- {score: 79.16048060, R: [-0.36828607, 0.77025479, -0.52064666, 0.92848671, 0.33346564, -0.16344144, 0.04772621, -0.54360670, -0.83798208], t: [110.41302446, 149.22935579, 699.06086990]}
