run_time: 18.253989696502686
ests:
- {score: 82.78558346, R: [-0.59466172, -0.66978453, 0.44470902, -0.52291989, -0.09792914, -0.84673764, 0.61068174, -0.73606971, -0.29200894], t: [-37.39501513, 164.48352444, 633.50154303]}
- {score: 82.48794667, R: [-0.24616817, -0.28842774, 0.92531650, 0.10162723, 0.94175141, 0.32058719, -0.96388443, 0.17295571, -0.20251710], t: [124.49387049, 76.78728668, 674.77820765]}
- {score: 82.20387941, R: [-0.85617113, 0.43384587, 0.28062214, 0.45833279, 0.88843374, 0.02483046, -0.23854158, 0.14987745, -0.95949710], t: [-133.65029807, -61.86380468, 651.35297912]}
- {score: 81.97020625, R: [0.91848359, -0.20644450, 0.33729589, 0.35341887, 0.04582161, -0.93434228, 0.17743438, 0.97738480, 0.11504778], t: [-156.67964693, 111.63497416, 628.06129805]}
- {score: 80.88778747, R: [-0.50341583, 0.81112968, 0.29772660, 0.35943555, 0.50993623, -0.78151848, -0.78573441, -0.28641524, -0.54825882], t: [-99.76872926, 134.98651264, 595.92574268]}
- {score: 78.20394046, R: [0.83541316, 0.09834591, 0.54075218, 0.20712260, -0.96765934, -0.14399870, 0.50910218, 0.23230041, -0.82876503], t: [72.50511277, -66.26602918, 769.14967146]}
- {score: 74.23755437, R: [0.96786403, -0.03754221, -0.24865600, 0.24865802, 0.29043583, 0.92402177, 0.03752881, -0.95615772, 0.29043758], t: [85.24092639, 173.88735340, 685.13576576]}
