run_time: 17.38115406036377
ests:
- {score: 83.67626201, R: [0.23762243, -0.11994009, -0.96392422, 0.07349230, 0.99172302, -0.10528205, 0.96857341, -0.04582363, 0.24447031], t: [-212.04632478, 79.00741710, 696.08386434]}
- {score: 82.66826698, R: [0.16499707, -0.32832530, 0.93004220, -0.98613787, -0.07169918, 0.14963750, 0.01755349, -0.94183953, -0.33560414], t: [-199.43586856, 82.92514164, 687.12297284]}
- {score: 81.44906730, R: [0.54711661, -0.71358343, 0.43756384, -0.83458093, -0.42486025, 0.35066855, -0.06432779, -0.55703897, -0.82799126], t: [-181.37580618, -22.50930646, 723.94058416]}
- {score: 79.95035941, R: [0.26037635, 0.34765163, 0.90074553, 0.03799107, -0.93589127, 0.35023448, 0.96475946, -0.05697248, -0.25689160], t: [-196.85546961, 84.03313932, 691.78660187]}
- {score: 78.74691569, R: [0.68461922, -0.22175368, 0.69434996, 0.14809561, 0.97504736, 0.16537947, -0.71369756, -0.01039178, 0.70037687], t: [14.64867636, 162.51757560, 737.16347962]}
- {score: 76.46153143, R: [0.35306300, -0.89847453, 0.26094061, -0.93559912, -0.33932359, 0.09753873, 0.00090724, -0.27857313, -0.96041458], t: [-154.96483954, 94.87290429, 733.79618810]}
