run_time: 16.99533247947693
ests:
- {score: 82.63232357, R: [-0.25985247, 0.17426279, 0.94979425, 0.83422910, 0.53589609, 0.12991210, -0.48635217, 0.82610403, -0.28462901], t: [12.94241569, 84.70011789, 706.49131633]}
- {score: 82.61336880, R: [-0.86625875, 0.40944085, 0.28627597, -0.11416319, 0.39562542, -0.91128880, -0.48637691, -0.82209411, -0.29597091], t: [-133.66894672, 197.99890393, 674.56716347]}
- {score: 81.05250432, R: [0.91634178, -0.34291124, 0.20671145, -0.32849177, -0.93903079, -0.10155940, 0.22893428, 0.02516012, -0.97311668], t: [-261.37158132, -3.40813163, 708.34433560]}
- {score: 80.73770326, R: [-0.61115233, 0.76472074, 0.20419362, -0.18473782, 0.11304021, -0.97626525, -0.76965236, -0.63436907, 0.07218805], t: [-259.78425984, 167.14248982, 684.39370975]}
- {score: 80.54130414, R: [-0.81838337, 0.56668436, 0.09548542, 0.24798273, 0.49812990, -0.83088576, -0.51841409, -0.65630441, -0.54818919], t: [-202.08680112, 180.30543075, 645.25348181]}
- {score: 77.41286033, R: [0.06989583, 0.97859021, 0.19358656, -0.09289590, 0.19960311, -0.97546343, -0.99321947, 0.05019740, 0.10485845], t: [-36.45868380, 171.69463920, 685.77606613]}
- {score: 75.79227160, R: [0.95005255, -0.25948900, -0.17339454, 0.18866308, 0.03494151, 0.98142003, -0.24860904, -0.96511374, 0.08215227], t: [-137.86802520, 109.77019089, 674.09353363]}
- {score: 74.61985457, R: [-0.09378669, -0.47413401, 0.87544333, -0.09557481, 0.87954567, 0.46611684, -0.99099422, -0.03995478, -0.12780493], t: [-162.52534081, 81.15977139, 679.74914502]}
