run_time: 16.94679069519043
ests:
- {score: 82.68569892, R: [0.94193573, -0.18175361, 0.28235203, 0.23544002, -0.24207068, -0.94125968, 0.23942649, 0.95308311, -0.18522296], t: [-152.49428500, 175.24488470, 686.65379068]}
- {score: 81.72917389, R: [0.16657894, 0.32255635, 0.93177725, 0.70525366, -0.69939567, 0.11603002, 0.68910723, 0.63781112, -0.34398864], t: [-1.54234811, 71.20551863, 723.74487374]}
- {score: 81.61658506, R: [-0.78355811, 0.61265010, 0.10342396, 0.23343241, 0.44454345, -0.86480658, -0.57580026, -0.65348375, -0.49133804], t: [-221.62761704, 152.12719109, 662.63381141]}
- {score: 81.50481758, R: [0.70758285, 0.66784902, 0.23087699, 0.52841971, -0.28316931, -0.80036723, -0.46914721, 0.68832606, -0.55327035], t: [43.82766251, 222.17185520, 719.81403591]}
- {score: 80.16960739, R: [0.97116449, -0.16464719, 0.17242631, -0.13902981, -0.97864229, -0.15142641, 0.19367561, 0.12308755, -0.97331353], t: [-271.06664034, -29.21654901, 740.84113170]}
- {score: 76.67828547, R: [-0.48044364, -0.84972867, 0.21710623, 0.02231748, -0.25931340, -0.96553532, 0.87674160, -0.45904005, 0.14354928], t: [-55.01864495, 155.23946283, 698.94958093]}
- {score: 75.31493263, R: [0.43750192, 0.03766423, 0.89842833, -0.72084684, -0.58259518, 0.37544995, 0.53756107, -0.81188931, -0.22773639], t: [-190.70788524, 50.77436074, 708.31380939]}
