run_time: 18.06014633178711
ests:
- {score: 83.29376041, R: [-0.23314654, 0.27767184, 0.93195550, 0.97084769, 0.12131253, 0.20673166, -0.05565432, 0.95298562, -0.29786066], t: [-209.74093455, 57.58742331, 715.86041809]}
- {score: 80.91722329, R: [0.29099332, -0.68624013, -0.66663137, -0.95264855, -0.14358008, -0.26804012, 0.08822489, 0.71306329, -0.69552649], t: [-9.71689605, 150.53990542, 743.19206309]}
- {score: 80.28448064, R: [0.10366069, -0.35101587, 0.93061394, -0.98683485, -0.15308133, 0.05218276, 0.12414265, -0.92377160, -0.36226321], t: [-212.40370938, 55.27061573, 711.32186617]}
- {score: 79.53808350, R: [0.54746273, -0.72678353, 0.41481353, -0.83682372, -0.47353499, 0.27475570, -0.00325920, -0.49754432, -0.86743244], t: [-189.81148567, -43.12007421, 755.22122383]}
- {score: 77.49302424, R: [0.54989891, -0.71981354, 0.42365039, -0.80380621, -0.59390421, 0.03425439, 0.22695096, -0.35936928, -0.90517786], t: [-289.05630421, -29.34621735, 776.57877108]}
- {score: 76.77042580, R: [0.91213029, -0.25808046, 0.31845387, -0.21349325, -0.96232357, -0.16838628, 0.34991290, 0.08560246, -0.93286288], t: [-160.08154808, 145.26411915, 739.32641691]}
- {score: 76.10058002, R: [-0.51992465, 0.78226067, 0.34314221, 0.85411793, 0.48204413, 0.19523329, -0.01268636, 0.39459050, -0.91876948], t: [-168.50435196, 68.21203382, 754.97354749]}
- {score: 74.92711475, R: [0.20923346, -0.97079283, -0.11739934, -0.97596008, -0.21480684, 0.03687812, -0.06101920, 0.10686093, -0.99239980], t: [33.34216961, 72.33636832, 774.38472724]}
- {score: 74.25945966, R: [0.45449336, 0.30818847, -0.83573656, -0.73226557, 0.66348142, -0.15355617, 0.50717146, 0.68177139, 0.52722372], t: [-35.92179467, 61.86680551, 752.99355465]}
