run_time: 20.577028512954712
ests:
- {score: 80.66370577, R: [-0.17992181, 0.25173724, 0.95092401, 0.30177694, 0.93421049, -0.19021426, -0.93624720, 0.25274326, -0.24405333], t: [-73.44289186, 40.45761280, 808.31723864]}
- {score: 80.45677370, R: [0.83816022, 0.54533408, 0.00990781, 0.16955305, -0.24324606, -0.95503043, -0.51840061, 0.80214843, -0.29634223], t: [-174.98762156, 197.97411055, 773.10302133]}
- {score: 80.02775212, R: [0.79962131, 0.57472817, -0.17404973, 0.22606732, -0.55662197, -0.79941577, -0.55632666, 0.59988287, -0.57501406], t: [-241.49792952, 207.84876467, 741.00740174]}
- {score: 78.24252438, R: [0.79232706, -0.59173521, -0.14855046, -0.08296767, 0.13671825, -0.98712940, 0.60442878, 0.79445427, 0.05923067], t: [-91.28550196, 143.91728008, 789.99412117]}
- {score: 78.04032971, R: [0.61903194, 0.78525210, 0.01336400, -0.57808653, 0.44406829, 0.68455776, 0.53161590, -0.43148866, 0.72883608], t: [-242.24999518, 209.61255108, 744.11058815]}
- {score: 77.97279082, R: [-0.96383789, 0.26623462, -0.01164838, 0.18863087, 0.65071150, -0.73552221, -0.18824175, -0.71112139, -0.67740047], t: [20.72106074, 164.77968949, 829.85489307]}
- {score: 77.57719852, R: [0.96585894, 0.21782188, -0.14025035, -0.15410542, 0.04789235, -0.98689305, -0.20824998, 0.97481278, 0.07982479], t: [-306.32905296, 208.05159611, 775.97764011]}
- {score: 77.55559715, R: [0.18906342, 0.24468581, 0.95099096, 0.97864599, 0.03260470, -0.20295048, -0.08066587, 0.96905406, -0.23329645], t: [-73.14401667, 41.82870654, 807.89579910]}
- {score: 76.92287315, R: [0.43580249, -0.31937565, -0.84147216, 0.81869229, 0.52908120, 0.22319510, 0.37392405, -0.78617573, 0.49204526], t: [-109.19067565, 50.91440683, 825.30066336]}
- {score: 75.65242583, R: [-0.85763351, 0.49317085, 0.14576443, 0.03422301, -0.22808289, 0.97304006, 0.51312135, 0.83950027, 0.17873373], t: [-207.04387804, 110.76442098, 768.27532914]}
