run_time: 15.744413375854492
ests:
- {score: 83.17427352, R: [-0.16060110, -0.93213202, 0.32455683, -0.98692943, 0.15609663, -0.04005241, -0.01332810, -0.32674714, -0.94501780], t: [-231.29948208, 99.38377109, 827.95853369]}
- {score: 82.95273499, R: [0.18195614, 0.32326582, -0.92865017, -0.04201192, 0.94610906, 0.32111163, 0.98240875, -0.01941386, 0.18573137], t: [-282.50132250, 111.45204226, 785.65299399]}
- {score: 80.17541012, R: [0.19816108, -0.77657318, 0.59805210, -0.97873312, -0.12375026, 0.16360732, -0.05304397, -0.61775399, -0.78458037], t: [-291.00090687, 5.44560187, 807.65620424]}
