run_time: 27.97660756111145
ests:
- {score: 82.11398900, R: [-0.18387786, 0.96625407, -0.18039412, 0.66240013, -0.01378385, -0.74902340, -0.72623341, -0.25722192, -0.63751228], t: [-119.92128977, 112.34930797, 791.57119443]}
- {score: 81.19035388, R: [0.99614353, -0.02996873, 0.08246144, 0.05789827, -0.48163535, -0.87445706, 0.06592273, 0.87585915, -0.47804282], t: [-43.46555120, 125.10504446, 791.58958025]}
- {score: 81.13145187, R: [0.44570945, -0.54173648, 0.71264621, -0.86474561, -0.46637199, 0.18631202, 0.23142622, -0.69929873, -0.67633065], t: [96.63609557, 6.46583367, 744.15373499]}
- {score: 80.24956700, R: [0.93566814, -0.28393301, -0.20954028, -0.27618252, -0.95883623, 0.06600214, -0.21965500, -0.00388475, -0.97556990], t: [-158.18548264, -81.42426633, 848.59234683]}
- {score: 79.37548993, R: [-0.58429523, -0.38113420, 0.71647457, -0.32651391, 0.91865305, 0.22240787, -0.74295882, -0.10398706, -0.66121019], t: [97.37382379, 5.73984259, 743.50256667]}
- {score: 77.33484960, R: [0.92366136, -0.34994832, -0.15615980, 0.27511792, 0.32189719, 0.90592074, -0.26675804, -0.87972633, 0.39360104], t: [45.20129216, 95.76937018, 758.67469722]}
- {score: 75.34704527, R: [0.77390670, -0.58497724, 0.24263139, 0.01901909, -0.36148145, -0.93218528, 0.63301393, 0.72603909, -0.26862717], t: [-68.70064311, -44.57746520, 779.02818695]}
- {score: 75.19680003, R: [-0.81878066, 0.56199400, 0.11730717, 0.50285647, 0.60344462, 0.61886184, 0.27700825, 0.56570079, -0.77669109], t: [-77.58778171, -85.10949407, 784.79059471]}
- {score: 74.27905025, R: [0.92010000, 0.28575461, 0.26788104, 0.27539801, 0.01434718, -0.96122323, -0.27851730, 0.95819542, -0.06549541], t: [-54.22558498, 44.27580495, 780.14732957]}
- {score: 73.28098172, R: [-0.89406086, -0.09991117, 0.43666111, 0.08572469, 0.91862904, 0.38570964, -0.43966630, 0.38228055, -0.81274542], t: [40.43351019, 66.95868068, 770.19370258]}
