run_time: 17.37441349029541
ests:
- {score: 83.58593330, R: [0.09016293, -0.98154699, -0.16863007, -0.98147738, -0.11630982, 0.15223083, -0.16903507, 0.15178101, -0.97385299], t: [-41.62589168, 7.06008334, 839.12403177]}
- {score: 83.06485639, R: [-0.11840084, 0.63399732, 0.76421767, 0.96894066, -0.09450722, 0.22852222, 0.21710655, 0.76753879, -0.60311602], t: [-97.42462809, 5.53509183, 816.79660068]}
- {score: 81.77682733, R: [0.07540603, -0.68928209, 0.72055821, -0.98414293, 0.06490345, 0.16507632, -0.16055086, -0.72158005, -0.67345799], t: [-103.19550021, 7.49800326, 814.23433252]}
- {score: 79.56126824, R: [0.63199098, 0.09651893, 0.76894182, -0.08598237, -0.97735537, 0.19334803, 0.77019119, -0.18830964, -0.60938087], t: [-95.72227200, -1.75031152, 815.05012620]}
- {score: 78.72454894, R: [-0.34418767, 0.91432447, 0.21341416, 0.83910134, 0.19757107, 0.50682800, 0.42124075, 0.35352005, -0.83521241], t: [-72.08657783, -98.94928381, 823.29227087]}
- {score: 76.06385499, R: [0.50572666, 0.60642435, -0.61358786, -0.84930303, 0.47480833, -0.23074098, 0.15140968, 0.63781392, 0.75516126], t: [73.08609475, -7.04372060, 780.87261902]}
- {score: 75.64680535, R: [0.96327329, 0.26631912, 0.03433278, 0.22377360, -0.72548203, -0.65084650, -0.14842507, 0.63462579, -0.75843264], t: [-44.20672734, 145.53040182, 824.38083473]}
