run_time: 16.637123107910156
ests:
- {score: 81.00100336, R: [-0.62966202, 0.63635744, -0.44561744, 0.37871577, 0.75226786, 0.53913582, 0.67830676, 0.17071102, -0.71467311], t: [-6.83482651, -91.29841688, 843.54834874]}
- {score: 80.54893866, R: [-0.59208940, 0.77988185, 0.20301354, 0.66262298, 0.32776464, 0.67342493, 0.45865120, 0.53324923, -0.71083359], t: [-89.62624019, -26.50572863, 866.93465417]}
- {score: 74.82883474, R: [0.07341761, -0.98055089, -0.18201583, -0.95254042, -0.01488105, -0.30404828, 0.29542624, 0.19569993, -0.93510687], t: [107.98674084, 162.22795812, 825.03709065]}
- {score: 74.64994660, R: [0.50404621, -0.83757684, -0.21071896, 0.69420576, 0.53804864, -0.47810254, 0.51382465, 0.09470346, 0.85265203], t: [12.29989917, 88.29704086, 791.43387686]}
