run_time: 16.152299165725708
ests:
- {score: 80.87763706, R: [-0.55433187, -0.81335761, 0.17653775, -0.56405845, 0.52309971, 0.63890901, -0.61200838, 0.25459002, -0.74875208], t: [23.06242507, 103.18888546, 748.58329097]}
- {score: 79.09348406, R: [0.74272641, 0.25016135, -0.62110930, 0.00907300, -0.93126425, -0.36423146, -0.66953352, 0.26488902, -0.69394429], t: [105.41952444, 149.86436669, 787.65014883]}
- {score: 77.93587149, R: [0.43037316, 0.79855909, 0.42081149, 0.78753115, -0.10436622, -0.60737332, -0.44110497, 0.59279932, -0.67380660], t: [-131.53753223, 101.31615941, 854.84215998]}
- {score: 77.53001773, R: [0.58738018, 0.58887721, -0.55516493, 0.75215303, -0.65042794, 0.10587412, -0.29874792, -0.47975734, -0.82497428], t: [143.04639954, 64.24153119, 812.05830227]}
- {score: 75.63079194, R: [0.78684674, -0.21206162, -0.57957062, 0.57169342, 0.60419539, 0.55508066, 0.23246260, -0.76810012, 0.59664345], t: [-91.19388723, 30.39509906, 831.92962576]}
- {score: 73.66747551, R: [-0.62502508, 0.22470361, 0.74756400, 0.77825709, 0.10516105, 0.61907760, 0.06049435, 0.96873601, -0.24060545], t: [15.96489842, -12.89962519, 828.16907910]}
