run_time: 18.049726486206055
ests:
- {score: 81.59700040, R: [0.59126475, 0.63583654, -0.49610271, 0.75873050, -0.23004229, 0.60943297, 0.27337513, -0.73674450, -0.61844450], t: [1.49049563, -186.64457324, 793.57533076]}
- {score: 76.01646279, R: [-0.80317754, -0.59476116, 0.03413218, -0.38712821, 0.56461767, 0.72892974, -0.45281075, 0.57224646, -0.68373708], t: [-94.22300679, -133.70213522, 839.24859935]}
- {score: 75.42102510, R: [0.31799237, 0.94701091, 0.04528990, -0.65087916, 0.25279091, -0.71585831, -0.68937452, 0.19815922, 0.69677522], t: [-2.91753263, -6.33957937, 765.05336866]}
- {score: 72.94578659, R: [0.78848047, -0.33627499, 0.51499292, 0.13807911, -0.71915451, -0.68099260, 0.59936029, 0.60805909, -0.52060674], t: [-75.44166335, -104.56969062, 793.65105923]}
