run_time: 17.780327081680298
ests:
- {score: 81.92288524, R: [-0.03665055, 0.99926130, -0.01156123, 0.91245730, 0.02874446, -0.40816099, -0.40752713, -0.02550845, -0.91283677], t: [-64.30778028, 158.23144703, 784.25462684]}
- {score: 81.22673486, R: [-0.40308770, -0.91510442, -0.01021063, -0.59875234, 0.25526940, 0.75916609, -0.69210978, 0.31212415, -0.65081685], t: [-7.46126549, 20.52895313, 728.83503467]}
- {score: 79.83380727, R: [-0.18505397, 0.72275736, -0.66586545, 0.94264880, -0.06098181, -0.32816834, -0.27779176, -0.68840611, -0.67002145], t: [72.03054853, 72.58506895, 766.30155647]}
- {score: 79.44711404, R: [-0.64954959, -0.29948693, -0.69885115, -0.55281761, 0.81707105, 0.16366917, 0.52199423, 0.49264846, -0.69628979], t: [123.18864388, -11.69772013, 771.48548600]}
- {score: 78.59921728, R: [-0.77355112, 0.05631646, -0.63122665, 0.08125872, 0.99663600, -0.01066301, 0.62850268, -0.05954106, -0.77552513], t: [-51.22924837, -244.31272781, 843.73444980]}
- {score: 77.85290770, R: [-0.72464525, 0.68888321, 0.01814386, 0.46119930, 0.46524202, 0.75554291, 0.51203953, 0.55586849, -0.65484790], t: [-9.17677078, 21.50723584, 730.09181628]}
- {score: 75.71262133, R: [-0.61615321, 0.59781820, -0.51280469, -0.78631232, -0.42929475, 0.44431855, 0.04547737, 0.67699295, 0.73458316], t: [-103.43688268, -77.31419802, 809.72140686]}
- {score: 75.48759937, R: [-0.53784691, -0.64774530, -0.53958010, 0.49039265, -0.76099810, 0.42473161, -0.68573733, -0.03616553, 0.72695003], t: [-102.14228008, -77.16867431, 810.89456646]}
- {score: 74.73732790, R: [0.39440709, -0.68084561, 0.61716467, -0.72591767, -0.64264633, -0.24504947, 0.56345947, -0.35136149, -0.74770216], t: [-52.31044110, -149.96946212, 776.08327934]}
