run_time: 16.01613426208496
ests:
- {score: 81.98644082, R: [0.61531476, -0.72588931, -0.30736377, -0.29761844, -0.57498431, 0.76211310, -0.72993907, -0.37746227, -0.56983433], t: [28.46533150, -16.70244115, 746.12866041]}
- {score: 80.77127750, R: [0.71908534, 0.31977014, -0.61697918, -0.01178179, -0.88210222, -0.47091064, -0.69482185, 0.34589408, -0.63053934], t: [94.22044446, 52.66098112, 780.10137236]}
- {score: 80.04543475, R: [0.44734418, 0.48869904, -0.74903702, 0.73860096, -0.67414166, 0.00127691, -0.50433304, -0.55381068, -0.66252693], t: [166.77632335, -9.09011687, 772.89399653]}
- {score: 78.47648845, R: [0.11218863, -0.68212854, -0.72257484, -0.98812700, 0.00023319, -0.15363899, 0.10497004, 0.73123221, -0.67400351], t: [85.06503969, -292.60082703, 829.35473595]}
- {score: 75.56640070, R: [0.65012805, 0.47938183, -0.58951388, -0.49652885, 0.85531902, 0.14794747, 0.57514571, 0.19652584, 0.79409381], t: [-21.35770273, -150.19220458, 821.26715889]}
- {score: 75.09499771, R: [-0.71951863, 0.24771704, 0.64879056, 0.28956015, -0.74212980, 0.60448183, 0.63122726, 0.62279985, 0.46224724], t: [13.35789887, -134.89111785, 811.23937918]}
- {score: 74.42484671, R: [-0.18002058, 0.67396527, 0.71649381, -0.51287297, -0.68586114, 0.51629043, 0.83937707, -0.27452741, 0.46912769], t: [41.85119599, 14.33083583, 738.76650609]}
- {score: 73.35833582, R: [0.84836699, 0.46240581, 0.25778744, -0.15737678, 0.68519744, -0.71115190, -0.50547604, 0.56274805, 0.65407083], t: [-25.49737027, -61.88166087, 809.05528404]}
- {score: 73.35774337, R: [0.61147910, -0.37112764, -0.69882588, 0.76301703, 0.51042581, 0.39657348, 0.20951941, -0.77571243, 0.59529140], t: [-23.91331134, -136.73046475, 816.78283490]}
