run_time: 17.423632860183716
ests:
- {score: 81.86801496, R: [-0.26118655, -0.92020157, -0.29156578, -0.93016382, 0.32066615, -0.17879752, 0.25802505, 0.22450442, -0.93969187], t: [109.54643235, -104.41702879, 846.53855496]}
- {score: 81.33352040, R: [0.29690618, 0.55557839, -0.77664622, 0.91847554, 0.05635684, 0.39144166, 0.26124587, -0.82955202, -0.49355243], t: [109.50137125, -221.01305528, 781.59371439]}
- {score: 79.24335649, R: [-0.64564282, 0.70462371, -0.29436510, 0.22963605, 0.54678295, 0.80516809, 0.72829436, 0.45225414, -0.51483346], t: [15.08341168, -202.16029003, 838.68162255]}
- {score: 78.96516320, R: [0.03343989, 0.56499872, -0.82441388, 0.98785506, 0.10654944, 0.11309132, 0.15173728, -0.81818319, -0.55457381], t: [112.60990141, -207.48461379, 784.36939403]}
- {score: 77.48606498, R: [0.71262954, 0.69085903, 0.12195493, 0.53076000, -0.64461710, 0.55023868, 0.45875159, -0.32738751, -0.82605351], t: [-4.45491931, -192.30362174, 855.02256250]}
- {score: 75.24315558, R: [0.14735217, -0.83182630, -0.53511902, -0.88847065, 0.12642517, -0.44117633, 0.43463457, 0.54044583, -0.72042422], t: [0.86300290, -14.11052162, 847.50997171]}
- {score: 74.93632689, R: [0.72816034, -0.62462769, 0.28217507, 0.61099063, 0.40497990, -0.68020709, 0.31060095, 0.66770615, 0.67653199], t: [41.17536546, -43.00584078, 779.96974893]}
