run_time: 16.580724477767944
ests:
- {score: 81.50619437, R: [-0.20554523, 0.65586294, -0.72635733, 0.41285627, 0.73103918, 0.54326001, 0.88729974, -0.18821667, -0.42103876], t: [-12.45935852, -15.45041515, 749.93920535]}
- {score: 81.11405905, R: [0.03883338, 0.93056006, -0.36407418, 0.67174945, -0.29404575, -0.67991897, -0.73975986, -0.21816305, -0.63652197], t: [11.45418569, 78.55921897, 786.92729006]}
- {score: 80.91880493, R: [0.41999188, 0.53464894, -0.73331939, 0.37396623, -0.83820570, -0.39693891, -0.82689548, -0.10752557, -0.55198021], t: [104.07220709, 67.39017259, 762.51566746]}
- {score: 79.88985041, R: [0.45690228, 0.64465997, -0.61290607, 0.44210817, -0.76247910, -0.47240449, -0.77186832, -0.05512810, -0.63338790], t: [187.43520664, -222.43245049, 784.97832858]}
- {score: 79.69634561, R: [-0.15067918, -0.81773866, -0.55551711, -0.91863514, 0.32343495, -0.22693464, 0.36524687, 0.47612319, -0.79993841], t: [164.87694308, 6.65145798, 733.04029039]}
- {score: 79.10559469, R: [0.32228252, 0.72640038, 0.60702261, -0.93816057, 0.15943307, 0.30730406, 0.12644631, -0.66852341, 0.73286271], t: [105.22915378, 66.78319705, 763.87591837]}
- {score: 77.23251640, R: [-0.86827400, -0.15841897, -0.47011026, 0.28281326, -0.93663532, -0.20671449, -0.40757438, -0.31243825, 0.85805915], t: [-58.86002071, -72.41962764, 820.71775943]}
- {score: 74.31455058, R: [-0.89697933, 0.17472092, 0.40607968, 0.21857469, -0.62316316, 0.75092796, 0.38425671, 0.76232560, 0.52077488], t: [-18.20213990, 23.96155852, 744.22429174]}
- {score: 74.02020331, R: [-0.37541901, -0.34715054, 0.85938762, -0.52816857, 0.84205972, 0.10942321, -0.76164200, -0.41282197, -0.49947922], t: [11.54510982, -151.90268877, 808.91201419]}
- {score: 73.53910032, R: [0.42703771, 0.80257135, -0.41655493, 0.13124108, -0.51080575, -0.84961947, -0.89465891, 0.30815042, -0.32346367], t: [49.03281713, -130.83440901, 800.21517860]}
