run_time: 16.837077379226685
ests:
- {score: 82.17588206, R: [-0.28022891, 0.42414700, -0.86114521, 0.23756762, 0.89982535, 0.36589057, 0.93007169, -0.10204709, -0.35292069], t: [108.90583943, 53.56024798, 749.63316436]}
- {score: 81.17815171, R: [0.40602656, 0.60240595, -0.68720412, 0.18769330, -0.79091815, -0.58242568, -0.89437889, 0.10749670, -0.43420135], t: [206.06439726, 160.01062682, 744.61491408]}
- {score: 80.42876097, R: [-0.80230486, -0.50133443, -0.32399177, -0.10836083, 0.65608399, -0.74686799, 0.58699643, -0.56410778, -0.58070441], t: [116.33555976, 151.97479583, 781.97256670]}
- {score: 79.33234059, R: [-0.57641062, -0.81319932, 0.08035976, -0.80755046, 0.55183372, -0.20818692, 0.12495224, -0.18489571, -0.97478231], t: [180.76319466, -146.89108232, 870.82448533]}
- {score: 79.30079769, R: [-0.21910158, 0.82426509, -0.52209350, 0.92813952, 0.01104282, -0.37206864, -0.30091779, -0.56609642, -0.76745251], t: [268.25165813, 111.33350836, 712.08782950]}
- {score: 79.21575857, R: [-0.30400250, -0.76672368, -0.56543551, -0.48058205, 0.63589574, -0.60388533, 0.82257123, 0.08815553, -0.56178751], t: [349.91566831, -105.98360352, 765.45496213]}
- {score: 78.66802734, R: [0.06138122, 0.61943185, 0.78264709, -0.88757152, 0.39255294, -0.24107874, -0.45656226, -0.67985758, 0.57388545], t: [127.98047341, 47.00580428, 759.81693227]}
- {score: 74.14710438, R: [-0.43161457, 0.89320957, 0.12603786, 0.83366693, 0.34161111, 0.43393699, 0.34454073, 0.29236711, -0.89208359], t: [241.63707613, -64.04462163, 738.29950278]}
- {score: 73.67256402, R: [-0.85914025, 0.01585072, 0.51149463, 0.21512660, 0.91809847, 0.33288991, -0.46432592, 0.39603524, -0.79218528], t: [185.76047132, -74.50727810, 806.15198430]}
- {score: 73.66765592, R: [-0.54210331, 0.04585337, 0.83905985, -0.67675098, -0.61573019, -0.40358940, 0.49812855, -0.78662174, 0.36482071], t: [117.51601118, -15.00763124, 812.13907876]}
