run_time: 16.52425503730774
ests:
- {score: 80.56391571, R: [0.51076464, -0.80463096, -0.30280108, -0.85125150, -0.42401119, -0.30916885, 0.12037579, 0.41567241, -0.90151322], t: [247.50048354, 44.14130218, 813.07143728]}
- {score: 79.58113169, R: [0.70069650, 0.42879125, 0.57023024, 0.45144906, -0.88536331, 0.11102058, 0.55246559, 0.17963816, -0.81394835], t: [196.72775738, 20.04134106, 806.79322785]}
- {score: 75.46074321, R: [0.97595619, -0.12264649, 0.18018705, -0.02473169, -0.88364330, -0.46750704, 0.21655919, 0.45181005, -0.86543039], t: [86.90196337, 25.80778193, 863.97721945]}
- {score: 74.95019349, R: [0.39136531, 0.87147397, 0.29557789, 0.91732397, -0.39498489, -0.05003662, 0.07314319, 0.29072327, -0.95400737], t: [71.92487560, 67.63834231, 798.32731833]}
- {score: 72.54294297, R: [0.60060421, 0.05778142, 0.79745590, 0.38800397, 0.85100932, -0.35388706, -0.69909049, 0.52196212, 0.48870038], t: [140.81067733, 39.53235432, 776.03252597]}
