run_time: 17.24721622467041
ests:
- {score: 82.40168217, R: [-0.28498295, 0.35314947, -0.89110613, 0.85439709, 0.51499937, -0.06914646, 0.43450008, -0.78106407, -0.44849594], t: [4.59066456, -114.78499545, 653.26427808]}
- {score: 82.26245973, R: [-0.27630851, 0.90896839, -0.31213785, 0.57661548, -0.10304146, -0.81049185, -0.76887467, -0.40392930, -0.49565399], t: [44.31561981, 22.37638811, 654.65339158]}
- {score: 81.47356316, R: [0.69172799, 0.71202760, 0.12053676, 0.46622816, -0.31285158, -0.82749935, -0.55149225, 0.62860208, -0.54837546], t: [-33.90222013, -24.99752673, 680.62767948]}
- {score: 79.50565128, R: [-0.25666879, 0.93313203, -0.25176528, 0.80668992, 0.06335943, -0.58756871, -0.53232751, -0.35390704, -0.76901056], t: [126.17460678, 10.52766086, 624.81454660]}
- {score: 79.09518427, R: [0.81258394, 0.56217788, 0.15382921, 0.58280987, -0.78658977, -0.20398332, 0.00632555, 0.25540676, -0.96681302], t: [-106.86504631, -150.29090591, 749.97754865]}
- {score: 77.79961090, R: [-0.26758163, -0.92784509, 0.25981441, 0.75345702, -0.03341592, 0.65664748, -0.60058521, 0.37146578, 0.70803288], t: [47.76000343, 24.36178148, 654.40687648]}
- {score: 76.41892726, R: [0.44452762, -0.00274331, -0.89576098, -0.28356717, -0.94899759, -0.13781583, -0.84969695, 0.31527132, -0.42263355], t: [36.13120042, -110.90114781, 671.38677562]}
- {score: 74.60247881, R: [-0.62289827, -0.73697037, 0.26243548, -0.35744769, -0.03027911, -0.93344217, 0.69586555, -0.67524647, -0.24456756], t: [126.81331520, -171.13836013, 703.93717050]}
- {score: 73.60699484, R: [0.59346346, -0.77906354, -0.20214131, 0.39836418, 0.06608825, 0.91484332, -0.69936195, -0.62345193, 0.34957196], t: [-19.81568096, -93.79311907, 646.85389765]}
