run_time: 16.8167142868042
ests:
- {score: 82.62447092, R: [0.46654361, 0.04804853, -0.88319215, -0.12117447, -0.98563661, -0.11763190, -0.87615858, 0.16190077, -0.45402017], t: [-15.34925524, -94.66633067, 676.87001005]}
- {score: 82.25926715, R: [0.27518028, -0.89604982, -0.34838276, -0.57508814, 0.13697114, -0.80654358, 0.77042161, 0.42229568, -0.47761587], t: [26.23831047, 40.98449001, 677.69657940]}
- {score: 80.26766061, R: [0.89363999, -0.43553163, 0.10825777, -0.15099382, -0.51894818, -0.84136417, 0.42262087, 0.73553044, -0.52951543], t: [-53.25867730, -5.40781671, 702.28052717]}
- {score: 79.12845103, R: [0.22263858, 0.94061889, -0.25625798, 0.42706894, -0.33039253, -0.84169646, -0.87638129, 0.07795429, -0.47526724], t: [30.35354296, 58.64864583, 690.89461917]}
- {score: 79.03946066, R: [0.15975428, -0.94544405, -0.28392624, -0.79374715, 0.04797225, -0.60635317, 0.58689357, 0.32223316, -0.74277970], t: [110.99514936, 28.98291415, 651.94303615]}
- {score: 74.94086109, R: [0.39926534, 0.89212776, 0.21141253, 0.24432278, 0.11872022, -0.96239902, -0.88368181, 0.43590548, -0.17056626], t: [104.73353949, -154.46434293, 732.80575145]}
- {score: 74.39483814, R: [-0.39091613, 0.90484854, -0.16862305, -0.39141635, 0.00238466, 0.92021057, 0.83305330, 0.42572700, 0.35324031], t: [-42.16429661, -75.08585174, 669.59726411]}
- {score: 72.01811861, R: [0.36295071, -0.48063576, 0.79828318, 0.43757474, 0.84428168, 0.30938131, -0.82267560, 0.23701838, 0.51674669], t: [-33.36433736, -23.22580959, 691.06710825]}
