run_time: 16.65331268310547
ests:
- {score: 82.40531661, R: [0.89636072, 0.16458902, -0.41164054, -0.28997248, -0.48469080, -0.82522162, -0.33534082, 0.85906068, -0.38673150], t: [-70.68399547, 83.79614962, 668.25912916]}
- {score: 81.88345150, R: [0.06580606, -0.43409153, -0.89846206, -0.99523090, -0.09353025, -0.02770460, -0.07200706, 0.89600037, -0.43817616], t: [-124.78516977, -48.43993398, 678.80247356]}
- {score: 80.92743802, R: [-0.53233954, -0.84591054, 0.03240309, -0.41962660, 0.23044435, -0.87795726, 0.73520621, -0.48096856, -0.47764118], t: [-155.09845019, 47.95738179, 698.71965947]}
- {score: 80.15192324, R: [0.73812670, 0.59228263, -0.32306380, 0.27659431, -0.70242278, -0.65581841, -0.61535722, 0.39471948, -0.68229908], t: [11.08500476, 59.78939850, 643.79849917]}
