run_time: 18.22412371635437
ests:
- {score: 81.37806318, R: [-0.83994338, 0.00529067, 0.54264822, 0.52078935, -0.27324819, 0.80877308, 0.15255658, 0.96192903, 0.22675768], t: [90.03967087, -62.41858577, 691.55640395]}
- {score: 75.21961002, R: [0.92364818, 0.37211894, -0.09166010, -0.32375232, 0.62964216, -0.70621185, -0.20508177, 0.68196645, 0.70204219], t: [-4.26205394, -0.28734861, 676.81726688]}
- {score: 73.12796437, R: [-0.41190256, -0.40531438, 0.81612284, 0.70790642, -0.70627610, 0.00652426, 0.57376371, 0.58042596, 0.57784158], t: [-97.29504704, -44.68058588, 709.68722881]}
- {score: 73.10665848, R: [0.84552161, -0.46026140, -0.27065230, -0.51867825, -0.58768013, -0.62097100, 0.12675200, 0.66542583, -0.73562379], t: [-62.03022662, 104.32570531, 702.48073583]}
