run_time: 15.514992237091064
ests:
- {score: 81.52061998, R: [0.69310444, -0.66725523, -0.27272092, -0.45040393, -0.10549276, -0.88657069, 0.56279886, 0.73732067, -0.37365189], t: [-112.93184208, 87.22753586, 647.58506222]}
- {score: 80.14584799, R: [-0.80195423, 0.55703064, -0.21583859, 0.53403641, 0.50656206, -0.67690471, -0.26772101, -0.65811224, -0.70371424], t: [-30.15485964, 79.37839088, 620.36456225]}
- {score: 79.53089833, R: [-0.19289783, -0.40623870, -0.89317444, -0.66703530, 0.72187840, -0.18427004, 0.71962098, 0.56023361, -0.41022433], t: [-121.78455296, -51.30624392, 672.22027748]}
- {score: 78.90714648, R: [0.78172633, -0.59567928, 0.18458093, -0.14913202, -0.46595925, -0.87214773, 0.60552750, 0.65425394, -0.45308743], t: [-186.21945582, 34.52891794, 679.39300699]}
- {score: 78.65338416, R: [0.76922586, -0.61534434, 0.17217120, 0.28623402, 0.57273713, 0.76814208, -0.57128071, -0.54159350, 0.61669671], t: [-108.83703278, 105.55634323, 660.05075642]}
- {score: 76.75065303, R: [0.93168493, -0.30738831, 0.19358616, 0.17004900, 0.83995396, 0.51532575, -0.32100860, -0.44720209, 0.83484354], t: [-29.66016955, 80.12331895, 619.97803458]}
