run_time: 16.926173448562622
ests:
- {score: 83.19190153, R: [-0.78991918, -0.03707512, -0.61208913, 0.56599250, 0.34001913, -0.75102563, 0.23596636, -0.93968742, -0.24760339], t: [77.13636497, -19.74224735, 657.07420010]}
- {score: 76.86998075, R: [0.94396806, -0.31485444, -0.09894964, -0.32512915, -0.83564018, -0.44271491, 0.05670445, 0.45008013, -0.89118598], t: [-27.91192985, 97.15431799, 656.61090796]}
- {score: 76.02944080, R: [-0.96435516, 0.24839575, -0.09120684, 0.11696075, 0.70931683, 0.69511860, 0.23735905, 0.65967355, -0.71308587], t: [-33.80571392, 26.40251655, 646.48099887]}
