run_time: 17.237528800964355
ests:
- {score: 81.75807568, R: [-0.19397853, 0.98063449, 0.02698709, 0.45331521, 0.11399847, -0.88403036, -0.86998716, -0.15924924, -0.46664977], t: [-75.87261704, 129.99702023, 626.32966741]}
- {score: 81.58223019, R: [0.58892073, -0.25385351, -0.76728794, -0.26845636, -0.95692787, 0.11054519, -0.76230150, 0.14088098, -0.63170326], t: [-59.37930207, 31.11661407, 611.94749496]}
- {score: 81.54341219, R: [0.73871702, 0.53190957, -0.41396783, 0.04430658, -0.65117453, -0.75763357, -0.67255783, 0.54133532, -0.50460085], t: [17.81645814, 151.57242508, 618.71633261]}
- {score: 80.25751849, R: [-0.23716905, 0.94705047, -0.21643996, 0.84023482, 0.08814756, -0.53500981, -0.48760266, -0.30874814, -0.81665062], t: [97.32710230, 110.25045069, 616.39628493]}
- {score: 79.38361801, R: [0.92186064, -0.22485797, 0.31561344, -0.08958018, -0.91603202, -0.39097406, 0.37702567, 0.33215087, -0.86459669], t: [-196.03201267, 39.43435266, 678.92484113]}
- {score: 75.29151636, R: [0.04381978, -0.82811154, -0.55884804, 0.94837915, 0.21035075, -0.23733847, 0.31409684, -0.51959969, 0.79458122], t: [10.36577576, -67.63917864, 713.73557829]}
