run_time: 17.70745825767517
ests:
- {score: 82.42691701, R: [-0.60299198, 0.34426011, -0.71964273, 0.79532966, 0.32960373, -0.50873576, 0.06205953, -0.87911679, -0.47254870], t: [148.19649270, -16.92352980, 670.40164900]}
- {score: 77.06827135, R: [-0.30980038, -0.76841600, -0.55996478, -0.92878332, 0.11856581, 0.35114627, -0.20343374, 0.62887119, -0.75042369], t: [59.46668170, -84.24477950, 744.79785773]}
- {score: 74.94128140, R: [-0.53770709, -0.75371182, 0.37787510, 0.71200009, -0.16587364, 0.68230625, -0.45158278, 0.63592796, 0.62583432], t: [37.21289293, 176.30221840, 653.07117452]}
- {score: 74.86798603, R: [-0.56459591, -0.51368678, 0.64603203, 0.55647109, -0.81498038, -0.16169998, 0.60956652, 0.26820299, 0.74598645], t: [-35.53471693, 21.65544441, 649.93224770]}
