run_time: 16.78427004814148
ests:
- {score: 81.74520578, R: [0.33915331, 0.93984745, -0.04076452, 0.48272839, -0.21106295, -0.84995631, -0.80743316, 0.26858731, -0.52527376], t: [-20.74692734, 114.56995289, 684.40457304]}
- {score: 81.33229040, R: [0.68295759, -0.29736806, -0.66718902, -0.17072998, -0.95306923, 0.25002065, -0.71022551, -0.05684432, -0.70167548], t: [-15.29144526, 15.01069307, 663.62031282]}
- {score: 79.95419437, R: [0.77262439, -0.42333564, -0.47311569, -0.63090310, -0.42887399, -0.64655115, 0.07080115, 0.79803137, -0.59844225], t: [77.29177203, 121.15201498, 689.57055971]}
- {score: 79.87632117, R: [0.82639166, 0.35550919, -0.43668070, -0.01368065, -0.76259511, -0.64673146, -0.56292953, 0.54042758, -0.62533865], t: [75.25337087, 121.57558424, 690.18391946]}
- {score: 75.73527358, R: [0.34971698, 0.68048978, -0.64391905, -0.93618644, 0.27980714, -0.21275095, 0.03539831, 0.67723087, 0.73491857], t: [24.28470381, -102.29299930, 761.53039943]}
- {score: 74.96873807, R: [0.51428105, 0.57640928, -0.63503330, -0.84852627, 0.44953716, -0.27914060, 0.12457184, 0.68239918, 0.72028687], t: [25.45342629, -104.24309550, 760.58436679]}
