run_time: 17.190481901168823
ests:
- {score: 80.21674964, R: [0.59181070, 0.73103408, -0.33963113, 0.35376889, -0.61414439, -0.70546026, -0.72429805, 0.29734801, -0.62207434], t: [27.39855404, 151.68262600, 844.15205274]}
- {score: 79.73741092, R: [-0.16833620, 0.98569012, -0.00882625, 0.83320888, 0.14706849, 0.53304206, 0.52671235, 0.08237616, -0.84604274], t: [-26.57225011, 67.18239025, 813.77413793]}
- {score: 78.99387786, R: [0.67530742, 0.64931397, 0.34978743, 0.68599680, -0.37880536, -0.62122044, -0.27086578, 0.65946782, -0.70123739], t: [-127.39760415, 186.91470928, 814.04949140]}
- {score: 78.52828675, R: [-0.63739161, 0.17140205, -0.75123453, -0.65417771, -0.63554874, 0.41003580, -0.40716515, 0.75279425, 0.51722080], t: [-120.08114451, 68.12239389, 851.48162849]}
- {score: 77.91291325, R: [-0.67232647, -0.36799959, 0.64230322, -0.72208148, 0.51710674, -0.45956392, -0.16301997, -0.77277220, -0.61339024], t: [-165.00960770, 11.71351485, 916.86534765]}
- {score: 75.73258308, R: [0.49524572, 0.86873685, 0.00528654, -0.83251471, 0.47631805, -0.28291403, -0.24829591, 0.13571086, 0.95913072], t: [-24.99640840, 64.58775221, 813.38999477]}
- {score: 75.47550864, R: [-0.42748517, -0.39382030, -0.81373338, 0.10864183, -0.91598159, 0.38623140, -0.89747056, 0.07670270, 0.43435391], t: [-97.71094145, -34.97160921, 900.30722481]}
- {score: 75.26804986, R: [-0.21084704, 0.88141637, 0.42266853, -0.46587082, -0.47073290, 0.74924957, 0.85936485, -0.03893188, 0.50987877], t: [-0.81953622, 94.93720705, 802.70175589]}
- {score: 74.30473473, R: [-0.32276074, -0.92507269, 0.20016497, 0.84489160, -0.18628165, 0.50145524, -0.42659548, 0.33096777, 0.84171055], t: [30.94495923, 6.25366871, 917.25326219]}
- {score: 72.80769474, R: [-0.52973774, 0.83551916, 0.14589627, -0.79789085, -0.43257209, -0.41982323, -0.28765968, -0.33880551, 0.89580286], t: [-95.79213791, 43.44292419, 863.40720939]}
