run_time: 17.757038354873657
ests:
- {score: 79.62721074, R: [-0.84991911, 0.52543789, -0.03940205, 0.40984170, 0.70622803, 0.57729693, 0.33116051, 0.47450708, -0.81558308], t: [-77.64755525, -81.10816419, 947.04751999]}
- {score: 78.53184651, R: [-0.77863836, 0.27703019, -0.56300677, 0.18074892, 0.95825405, 0.22153779, 0.60087619, 0.07073495, -0.79620625], t: [26.73379777, -103.81723963, 933.82850154]}
- {score: 75.52852147, R: [0.75180883, -0.64623850, -0.13099338, -0.61561461, -0.61674645, -0.49055323, 0.23622468, 0.44944371, -0.86150928], t: [30.35879122, 164.83915637, 880.74560262]}
- {score: 74.57997889, R: [-0.24844587, 0.46168936, -0.85153837, -0.56518437, 0.64484935, 0.51452500, 0.78666467, 0.60910778, 0.10072946], t: [-96.14245927, -34.23906815, 901.96937430]}
- {score: 74.01893306, R: [-0.61910956, 0.78221475, 0.06959443, -0.64411995, -0.45511013, -0.61480424, -0.44923582, -0.42545835, 0.78560318], t: [-20.49628151, 42.57900471, 850.24939121]}
- {score: 73.72096518, R: [-0.80619716, 0.30360016, 0.50781203, 0.25427452, -0.59719704, 0.76072348, 0.53421957, 0.74241677, 0.40426078], t: [-18.36426993, 93.28971339, 810.31893935]}
- {score: 73.23827204, R: [0.93707355, 0.04040683, -0.34678590, -0.24689603, -0.62559705, -0.74004777, -0.24685122, 0.77909925, -0.57625411], t: [-2.56535204, 120.77927460, 827.48879412]}
- {score: 73.04311325, R: [-0.35029095, -0.85039741, -0.39258181, -0.33135776, -0.27952024, 0.90114951, -0.87606983, 0.44574954, -0.18387236], t: [94.70339150, 62.70784348, 870.45883909]}
