run_time: 15.89281940460205
ests:
- {score: 80.45908544, R: [-0.78202977, -0.54520360, 0.30196444, -0.32045652, 0.76730737, 0.55547011, -0.53454383, 0.33762765, -0.77477125], t: [135.34699002, 58.59926030, 773.71447467]}
- {score: 79.62980015, R: [0.18321321, 0.97622663, 0.11582099, 0.71641399, -0.05190908, -0.69574167, -0.67318936, 0.21044484, -0.70889285], t: [1.69519650, 105.51495180, 894.83621387]}
- {score: 79.53856896, R: [0.62462743, 0.05152157, -0.77922146, -0.10183372, -0.98392725, -0.14668692, -0.77425476, 0.17097571, -0.60934133], t: [232.34518425, 74.69209376, 802.74683969]}
- {score: 79.25595094, R: [0.70945132, -0.39300466, -0.58500100, -0.29752312, -0.91949982, 0.25690479, -0.63887313, -0.00821012, -0.76926831], t: [244.52104393, -17.62553018, 826.52259824]}
- {score: 78.51355069, R: [-0.01578151, 0.97532628, -0.22020347, 0.70884186, -0.14441086, -0.69042652, -0.70519089, -0.16698541, -0.68907309], t: [-59.60540652, 67.67892921, 919.03416120]}
- {score: 77.58124839, R: [-0.75718689, 0.12194726, -0.64171406, 0.04606978, 0.98994203, 0.13376246, 0.65157167, 0.07171957, -0.75518919], t: [-9.92004302, -140.17344890, 932.08042003]}
- {score: 76.15284812, R: [-0.43039239, -0.23393038, 0.87180212, 0.90256533, -0.12411158, 0.41227678, 0.01175669, 0.96429916, 0.26455416], t: [188.45689618, 135.48854344, 818.43541069]}
- {score: 74.67494761, R: [0.92639997, -0.18313779, -0.32900395, 0.37337275, 0.55988698, 0.73967514, 0.04874258, -0.80807619, 0.58705799], t: [14.00335563, 26.49487622, 867.21887088]}
- {score: 73.60636452, R: [0.25890993, 0.66224273, -0.70313596, 0.90851486, 0.08021161, 0.41008152, 0.32797318, -0.74498366, -0.58088976], t: [45.49797275, -87.33876247, 847.28446591]}
- {score: 73.25773764, R: [0.00288699, -0.81572751, -0.57842918, -0.98828806, -0.09058061, 0.12280831, -0.15257258, 0.57130008, -0.80643524], t: [126.17685394, -31.71561185, 870.36705561]}
