run_time: 17.127371072769165
ests:
- {score: 82.12579769, R: [0.84809450, 0.44455199, -0.28828676, 0.52107539, -0.60121024, 0.60582727, 0.09600076, -0.66401793, -0.74152819], t: [71.17061602, -140.54543753, 895.61258267]}
- {score: 81.05191936, R: [0.45143686, -0.81391179, -0.36572160, -0.56013974, -0.57753582, 0.59388200, -0.69458493, -0.06324504, -0.71662533], t: [55.65532703, -117.54945000, 874.30663398]}
- {score: 75.04437124, R: [0.91493338, 0.39817338, -0.06599151, 0.32495439, -0.82370157, -0.46467230, -0.23937746, 0.40369996, -0.88302024], t: [2.98614311, 121.74963337, 931.79898288]}
- {score: 74.24162250, R: [0.39566102, 0.88963655, -0.22803314, -0.83104844, 0.24113274, -0.50121204, -0.39091034, 0.38781666, 0.83473792], t: [126.83776942, 40.74854749, 814.20450044]}
