run_time: 17.78207230567932
ests:
- {score: 82.74477695, R: [0.16219634, -0.95674643, -0.24151326, -0.52366250, -0.29090330, 0.80072023, -0.83634322, -0.00340246, -0.54819566], t: [-15.24183646, -115.61251305, 623.52632559]}
- {score: 80.36609752, R: [0.16927237, -0.95338805, -0.24979605, -0.52503535, -0.30172597, 0.79580108, -0.83407722, -0.00355538, -0.55163628], t: [-12.70654452, -115.22823054, 623.88185363]}
- {score: 77.59663532, R: [0.84102843, -0.49924677, 0.20838398, -0.42646412, -0.84882937, -0.31243722, 0.33286574, 0.17390028, -0.92680045], t: [-27.04396962, 26.76061064, 689.68989534]}
- {score: 74.68171084, R: [0.70837763, -0.62186550, -0.33389279, 0.45178514, 0.76292302, -0.46242693, 0.54230184, 0.17672508, 0.82138725], t: [87.01029268, 35.51064295, 578.24277627]}
