run_time: 17.727712869644165
ests:
- {score: 81.80368385, R: [-0.40243139, -0.85074710, 0.33805079, -0.60936632, 0.52451990, 0.59460205, -0.68317032, 0.03328975, -0.72949993], t: [101.96792055, 50.04303401, 537.52014330]}
- {score: 81.09848466, R: [0.58622889, 0.67754204, -0.44415370, 0.62127974, -0.72783847, -0.29028024, -0.51994922, -0.10577304, -0.84762308], t: [156.94979035, 191.38560393, 586.03049223]}
- {score: 81.00648403, R: [-0.05686743, -0.81012508, -0.58349249, -0.74240094, -0.35645392, 0.56725788, -0.66753800, 0.46544383, -0.58116699], t: [188.17888406, -62.58832555, 559.21213900]}
- {score: 80.89093488, R: [0.15671069, 0.53613245, -0.82945995, 0.97346776, 0.05793868, 0.22136766, 0.16674020, -0.84214320, -0.51282801], t: [199.63284996, 34.95539641, 554.28288056]}
- {score: 79.72688706, R: [0.88345152, -0.08023012, -0.46160215, 0.05505193, -0.96062838, 0.27232766, -0.46527704, -0.26600036, -0.84425178], t: [123.33807110, -125.40486248, 565.78253607]}
- {score: 76.11600173, R: [-0.38941360, 0.16975089, 0.90528538, 0.76445399, -0.48868830, 0.42046856, 0.51377729, 0.85578525, 0.06053512], t: [-49.08794124, -72.88448307, 593.24411397]}
- {score: 75.49135899, R: [-0.94258838, 0.33289904, 0.02655879, -0.22707572, -0.69720198, 0.67996032, 0.24487497, 0.63489186, 0.73276776], t: [-13.90474815, 35.94639163, 643.24585711]}
- {score: 73.90522264, R: [0.31884767, 0.24468837, 0.91567666, -0.23608129, 0.95615530, -0.17329928, -0.91793344, -0.16091806, 0.36263425], t: [131.84411170, 50.03598202, 521.37992349]}
