run_time: 18.050963878631592
ests:
- {score: 81.09028622, R: [-0.86013904, -0.17264910, 0.47995116, 0.18905360, 0.76603424, 0.61436982, -0.47372942, 0.61917996, -0.62625604], t: [-13.48295711, 37.70405580, 454.93134371]}
- {score: 81.07096633, R: [0.44099077, -0.46526037, -0.76750241, -0.45333913, -0.85350847, 0.25691813, -0.77460360, 0.23464035, -0.58731007], t: [80.67530912, 17.90409132, 484.06049049]}
- {score: 80.07585024, R: [0.94911730, -0.06914402, -0.30723845, 0.04239425, -0.93866639, 0.34221072, -0.31205622, -0.33782327, -0.88797318], t: [-2.38013465, -137.20260701, 476.91883914]}
- {score: 79.90293518, R: [-0.83244217, 0.35333596, -0.42684161, -0.01516056, 0.75550495, 0.65496749, 0.55390452, 0.55169373, -0.62355743], t: [62.34077551, -79.23838962, 482.72974872]}
- {score: 79.03122728, R: [-0.02464610, -0.88127480, -0.47196116, -0.73375832, -0.30469221, 0.60725726, -0.67896341, 0.36127194, -0.63913320], t: [65.14257720, -77.43580981, 483.44391765]}
- {score: 77.78977831, R: [-0.48230017, -0.07097892, -0.87312575, 0.51413787, -0.82992481, -0.21653425, -0.70925933, -0.55334151, 0.43676582], t: [-87.43159371, -66.96459348, 515.33600037]}
- {score: 75.69554434, R: [-0.97619765, 0.17634559, -0.12625532, -0.21566036, -0.72754215, 0.65128571, 0.02299531, 0.66301184, 0.74825566], t: [-145.33312632, 24.41588014, 541.73548600]}
