run_time: 16.64143681526184
ests:
- {score: 80.73518849, R: [0.62224560, -0.37082073, -0.68942179, -0.10866797, -0.91307786, 0.39303956, -0.77524303, -0.16964906, -0.60845500], t: [169.20954349, -145.16196772, 687.20434506]}
- {score: 80.49925302, R: [-0.48517507, 0.05583754, -0.87263241, 0.09076587, 0.99578408, 0.01325276, 0.86969342, -0.07277534, -0.48819776], t: [160.84351522, -50.55183679, 676.84592527]}
- {score: 80.34545189, R: [-0.11982322, -0.97720943, 0.17522595, -0.76875973, 0.20300977, 0.60646147, -0.62821242, -0.06203849, -0.77556453], t: [61.99817545, -56.80633252, 663.43664645]}
- {score: 79.82459151, R: [0.03965982, 0.90566807, -0.42212841, 0.88213972, -0.23015849, -0.41092163, -0.46931504, -0.35607916, -0.80805384], t: [89.36906697, 93.22954689, 702.80676277]}
- {score: 76.66867088, R: [0.11229546, -0.36512673, 0.92416024, 0.10104736, 0.92941773, 0.35492556, -0.98852375, 0.05352743, 0.14126448], t: [128.52817820, 11.82272934, 706.32447818]}
- {score: 76.11574669, R: [-0.92288673, 0.35903753, -0.13918391, -0.35513831, -0.65388162, 0.66806860, 0.14885190, 0.66598118, 0.73096662], t: [-45.30276186, -87.91474997, 773.01941449]}
- {score: 73.63948652, R: [-0.87685450, 0.37027165, 0.30663505, -0.16464419, 0.36796531, -0.91514686, -0.45168400, -0.85293637, -0.26168896], t: [252.69347558, -85.96310352, 761.63470134]}
