run_time: 16.9139301776886
ests:
- {score: 80.99681402, R: [0.22366666, 0.83343729, 0.50532713, -0.44919283, 0.54826320, -0.70543129, -0.86498502, -0.06920788, 0.49700225], t: [-7.03743562, -238.09278413, 763.72082358]}
- {score: 78.21186807, R: [-0.22284633, 0.86088516, 0.45740161, 0.95176783, 0.09062803, 0.29312893, 0.21089695, 0.50066283, -0.83955891], t: [21.16921359, -174.01784827, 788.75772453]}
- {score: 76.08029645, R: [-0.46579403, -0.77263880, 0.43135273, -0.66957328, 0.62644320, 0.39904955, -0.57853919, -0.10294735, -0.80913178], t: [40.96897053, -74.00906711, 694.90056168]}
- {score: 72.19832494, R: [-0.12953225, -0.95491719, 0.26712266, -0.97930414, 0.16545020, 0.11657482, -0.15551481, -0.24649412, -0.95658547], t: [111.34502182, -53.24257449, 717.12029859]}
