run_time: 21.485612154006958
ests:
- {score: 73.66783574, R: [0.59658670, 0.69554774, -0.40037193, -0.06471274, 0.53894262, 0.83985301, 0.79993538, -0.47513595, 0.36653677], t: [-77.33927594, 61.84848246, 696.56226852]}
- {score: 73.37142914, R: [0.52755529, 0.84951837, -0.00198477, -0.14157410, 0.09022145, 0.98580769, 0.83764084, -0.51978708, 0.16786660], t: [33.55041492, 15.00815286, 701.04908573]}
- {score: 71.79467121, R: [0.80932781, -0.17871501, 0.55950821, 0.32755633, -0.65337036, -0.68250568, 0.48754011, 0.73564128, -0.47025157], t: [-86.01490465, 51.31505377, 691.23464082]}
