run_time: 17.22780752182007
ests:
- {score: 76.27263602, R: [-0.62779757, -0.33975326, 0.70031273, 0.68251512, -0.67283636, 0.28541964, 0.37422362, 0.65715978, 0.65429176], t: [94.50036895, -49.50536182, 669.86933279]}
- {score: 75.79633605, R: [-0.45150778, 0.77226596, -0.44692953, -0.78906514, -0.11174452, 0.60406075, 0.41655361, 0.62539465, 0.65982166], t: [-44.95648495, 86.36282478, 590.67954720]}
- {score: 74.95340630, R: [-0.27622386, 0.85276328, 0.44327774, 0.95879392, 0.21261752, 0.18843566, 0.06644240, 0.47706242, -0.87635430], t: [23.00105219, -84.57580602, 676.57459201]}
