run_time: 18.694865703582764
ests:
- {score: 77.56156801, R: [0.88744990, -0.26006936, -0.38052147, -0.42099847, -0.79343175, -0.43957517, -0.18759779, 0.55029992, -0.81361972], t: [-62.03611726, 194.67971842, 755.42242672]}
- {score: 75.19528537, R: [0.30501359, 0.80404448, 0.51037158, 0.79692041, -0.50890634, 0.32547226, 0.52142553, 0.30745206, -0.79598280], t: [-86.83568624, -77.57407830, 770.07042500]}
- {score: 73.77054173, R: [0.52499577, 0.18378458, -0.83102507, 0.25480951, 0.89768120, 0.35950043, 0.81206621, -0.40048931, 0.42444884], t: [-63.67027574, 42.68356435, 726.01674439]}
