run_time: 17.99017834663391
ests:
- {score: 77.91785017, R: [-0.50335988, 0.85205915, -0.14361078, 0.82973554, 0.52302198, 0.19490230, 0.24117989, -0.02105299, -0.97025203], t: [-111.68646464, 47.92171328, 741.49209175]}
- {score: 77.19135161, R: [-0.65529674, 0.74886590, -0.09892440, 0.73742233, 0.66259540, 0.13105587, 0.16369013, 0.01293142, -0.98642703], t: [-111.74821889, 49.59622067, 742.00318270]}
- {score: 76.78796365, R: [-0.82942515, -0.29029996, -0.47726287, -0.15983583, 0.94197417, -0.29518998, 0.53526295, -0.16855429, -0.82769741], t: [-84.87938626, -9.61798368, 760.36366737]}
- {score: 74.75070051, R: [0.14796705, -0.46632380, -0.87215130, 0.87968543, 0.46504994, -0.09940865, 0.45195050, -0.75250960, 0.47903029], t: [-169.00259753, -35.30767282, 744.71562494]}
- {score: 74.69312908, R: [0.95766867, -0.28697084, 0.02277089, -0.21360131, -0.76139154, -0.61209261, 0.19299030, 0.58131800, -0.79045815], t: [-249.14329127, 90.45846501, 774.63222669]}
- {score: 73.88555186, R: [0.85430828, -0.24776715, 0.45691223, 0.20306502, -0.65010472, -0.73220791, 0.47845786, 0.71831418, -0.50507702], t: [-141.58876724, 94.43828678, 714.66775063]}
