run_time: 17.896227836608887
ests:
- {score: 77.61075686, R: [0.30288417, -0.95002359, -0.07560645, -0.93942670, -0.28426577, -0.19149532, 0.16043275, 0.12902761, -0.97857712], t: [-183.76686764, 118.39408992, 851.56467564]}
- {score: 75.99363131, R: [-0.17475594, 0.66546853, 0.72568036, 0.93064206, 0.35229781, -0.09895246, -0.32150534, 0.65805616, -0.68087913], t: [-165.09803197, -75.62890197, 877.53622071]}
- {score: 75.23629751, R: [0.64772930, -0.70842201, 0.28033021, 0.19256941, 0.50823591, 0.83941243, -0.73713212, -0.48972901, 0.46561971], t: [-71.92733017, 62.71833968, 834.55963784]}
