run_time: 18.272493600845337
ests:
- {score: 76.94513665, R: [-0.10435513, 0.99453961, 0.00100389, 0.99164082, 0.10397386, 0.07640616, 0.07588457, 0.00896887, -0.99707626], t: [-41.13403201, -83.49349937, 707.96864708]}
- {score: 74.81719890, R: [0.66033465, 0.74033387, -0.12595196, -0.48643301, 0.29388665, -0.82280835, -0.57213730, 0.60459604, 0.55418635], t: [-150.26444402, -78.50878466, 669.36805855]}
- {score: 73.83548307, R: [0.71906987, 0.67912566, 0.14740042, 0.67719361, -0.63714124, -0.36804873, -0.15603645, 0.36447137, -0.91804861], t: [-43.55487038, 94.62637016, 747.92234729]}
- {score: 73.00517507, R: [0.10414585, 0.99287553, -0.05789486, -0.10202334, 0.06856962, 0.99241593, 0.98931535, -0.09744937, 0.10843773], t: [16.86948906, -108.27596940, 688.69879298]}
