run_time: 18.68218231201172
ests:
- {score: 76.56682379, R: [0.84793319, 0.13057505, -0.51376982, 0.06859270, 0.93401485, 0.35058706, 0.52564656, -0.33251527, 0.78302570], t: [39.73608287, -70.52364570, 735.31787901]}
- {score: 75.25091314, R: [0.87200577, -0.48200569, 0.08530198, -0.37397316, -0.76845527, -0.51924997, 0.31583220, 0.42088831, -0.85035466], t: [-40.22533708, -51.86805749, 718.56128767]}
- {score: 74.77191897, R: [-0.05337670, -0.84132300, -0.53789081, 0.64430837, 0.38251317, -0.66223139, 0.76290083, -0.38191526, 0.52165413], t: [-72.76598400, -125.89928302, 703.61768332]}
