run_time: 19.63646912574768
ests:
- {score: 76.51121622, R: [0.51515630, 0.77263110, -0.37101913, 0.63913835, -0.63471409, -0.43432726, -0.57106582, -0.01338614, -0.82079514], t: [65.04690381, 54.33757607, 892.09435569]}
- {score: 75.37579255, R: [0.67037278, -0.55109939, -0.49688008, 0.37107506, 0.82886583, -0.41867019, 0.64257576, 0.09628528, 0.76014835], t: [-222.17301773, 81.92106969, 696.19308236]}
- {score: 74.04058302, R: [0.30513380, -0.57298687, -0.76064410, 0.69948770, 0.67686692, -0.22927740, 0.64622773, -0.46210090, 0.60733222], t: [-179.23483271, 11.55635853, 735.20462883]}
- {score: 73.98812288, R: [0.92436390, -0.32793417, 0.19496313, -0.17074847, -0.81259569, -0.55725503, 0.34116918, 0.48181675, -0.80712835], t: [-58.60967694, 210.58196242, 738.68034283]}
- {score: 73.27134089, R: [0.95738867, -0.23407495, 0.16916225, -0.08000217, -0.77776699, -0.62344057, 0.27750064, 0.58334158, -0.76335182], t: [-53.51179889, 214.33398126, 738.68391965]}
