run_time: 18.013506412506104
ests:
- {score: 78.06041994, R: [0.33134243, -0.94040705, 0.07646396, -0.94118293, -0.32374872, 0.09675468, -0.06623368, -0.10402551, -0.99236675], t: [-12.38768773, 176.46209002, 771.32377931]}
- {score: 76.62243105, R: [-0.95610582, -0.27527034, -0.10043858, -0.27694228, 0.96088239, 0.00282457, 0.09573215, 0.03051627, -0.99493924], t: [-122.88481153, 157.99686909, 765.84391872]}
- {score: 74.43107773, R: [-0.10447946, 0.74939287, -0.65383055, -0.83286137, -0.42522883, -0.35429142, -0.54353105, 0.50753402, 0.66856804], t: [-108.75209973, 87.81199556, 694.86890210]}
