run_time: 19.932358980178833
ests:
- {score: 77.38481670, R: [-0.93187804, -0.02171050, -0.36212144, -0.10850154, 0.96919451, 0.22110957, 0.34616570, 0.24533790, -0.90552669], t: [284.60331592, 5.37523708, 696.46856465]}
- {score: 76.01176973, R: [-0.72252180, 0.68943799, 0.05135689, -0.34413314, -0.42308493, 0.83819540, 0.59961207, 0.58794083, 0.54294654], t: [44.93347863, 139.46309115, 648.43985893]}
- {score: 71.42530715, R: [-0.76942468, 0.43255433, 0.46998131, 0.26750063, -0.44994703, 0.85205111, 0.58002508, 0.78130945, 0.23049179], t: [133.53777847, 55.50978889, 631.76363411]}
