run_time: 19.176278114318848
ests:
- {score: 76.88781809, R: [-0.07817149, -0.90889599, -0.40963063, -0.98258343, 0.00076159, 0.18582058, -0.16857963, 0.41702213, -0.89312565], t: [-69.21359203, -99.37700505, 778.55589231]}
- {score: 74.92630126, R: [-0.61361769, 0.75570203, -0.22888375, -0.65411422, -0.32413729, 0.68342492, 0.44227581, 0.56907776, 0.69321181], t: [-90.53267492, 99.22078062, 699.10606238]}
- {score: 73.93151146, R: [-0.96124133, -0.16845137, 0.21826417, -0.04143582, 0.87092111, 0.48967290, -0.27257694, 0.46164983, -0.84414526], t: [-85.64901171, 25.37265345, 702.65233219]}
- {score: 73.18268694, R: [0.63568913, -0.75715829, 0.15036843, 0.06420487, 0.24597594, 0.96714710, -0.76927051, -0.60515051, 0.20497747], t: [21.11018185, 64.81436001, 648.88014898]}
