run_time: 18.121368169784546
ests:
- {score: 76.16907356, R: [0.57299134, -0.81725711, -0.06141455, -0.76359140, -0.50514180, -0.40219387, 0.29767274, 0.27734922, -0.91349237], t: [65.14517433, 98.87981634, 767.28655266]}
- {score: 76.10420554, R: [0.03141601, -0.71682842, 0.69654149, 0.95854166, -0.17585858, -0.22421347, 0.28321540, 0.67470789, 0.68158512], t: [10.35540560, -17.11214981, 774.61975185]}
- {score: 75.28521445, R: [0.23656552, 0.93654194, -0.25870048, -0.74549439, 0.34571491, 0.56984149, 0.62311707, 0.05805493, 0.77997097], t: [-127.26296549, 109.34036473, 776.87668549]}
- {score: 74.94917412, R: [0.40111426, -0.64714293, -0.64831580, -0.86489926, -0.03441275, -0.50076441, 0.30175582, 0.76159160, -0.57351690], t: [-2.72430377, 134.40143856, 731.12197311]}
