run_time: 22.778419256210327
ests:
- {score: 75.64131282, R: [0.61796892, 0.71396074, -0.32920271, -0.41546895, 0.65204135, 0.63421416, 0.66745780, -0.25515114, 0.69956982], t: [-173.38082420, 48.45421089, 778.61116294]}
- {score: 74.66518561, R: [0.91498805, -0.16147486, 0.36976037, 0.04666937, -0.86791973, -0.49450712, 0.40077279, 0.46972458, -0.78660028], t: [-171.55168358, 41.78114557, 778.60637663]}
- {score: 72.46102311, R: [-0.57682145, -0.63677358, -0.51166048, -0.28253480, 0.74323007, -0.60645130, 0.76645357, -0.20525223, -0.60862174], t: [-54.24658005, 81.89063880, 738.98295043]}
