run_time: 33.238680362701416
ests:
- {score: 75.94217839, R: [0.64979327, -0.64969425, -0.39454540, -0.74402368, -0.64987225, -0.15522509, -0.15555525, 0.39441536, -0.90567051], t: [-51.09858719, 277.88935769, 874.68585293]}
- {score: 75.27358154, R: [0.09552151, -0.99507803, 0.02636858, -0.99381100, -0.09684190, -0.05441869, 0.05670443, -0.02100723, -0.99816996], t: [-49.86395895, 205.05025136, 835.20103556]}
- {score: 74.99548464, R: [0.72188004, -0.60024651, -0.34437384, 0.58205470, 0.25748786, 0.77130557, -0.37430139, -0.75723453, 0.53525165], t: [-108.11262272, 94.89660842, 783.20028031]}
- {score: 73.83851084, R: [0.88796440, -0.31831522, 0.33195578, -0.06365090, -0.79989139, -0.59675985, 0.45548631, 0.50877221, -0.73053615], t: [-93.81957034, 89.38073868, 790.36467576]}
