run_time: 31.77311086654663
ests:
- {score: 75.03365129, R: [0.33590616, 0.82070545, 0.46217916, 0.94035577, -0.26416289, -0.21435710, -0.05383346, 0.50661671, -0.86048909], t: [-247.68316667, 12.80360681, 827.72410587]}
- {score: 74.98918940, R: [0.70020527, 0.61305818, -0.36588562, -0.08538863, 0.58072018, 0.80961279, 0.70881690, -0.53565268, 0.45897149], t: [-155.10262431, 89.29632994, 775.56357472]}
- {score: 73.56084641, R: [0.69752515, 0.57158925, -0.43213933, 0.03544555, -0.62985959, -0.77589979, -0.71568313, 0.52589222, -0.45960317], t: [-25.66262806, 105.43922509, 746.20839849]}
