run_time: 43.68877577781677
ests:
- {score: 77.41940263, R: [0.71189242, 0.47471035, 0.51755121, 0.60398981, -0.78987125, -0.10630009, 0.35833706, 0.38826991, -0.84902356], t: [-183.51065353, 44.27792678, 833.19806823]}
- {score: 75.20736847, R: [0.80593338, 0.40084493, 0.43565441, 0.52328875, -0.82647877, -0.20760957, 0.27683989, 0.39529253, -0.87584445], t: [-183.47259875, -94.23198709, 830.40918397]}
- {score: 74.39881345, R: [-0.29212544, 0.80298224, -0.51950196, -0.72457303, 0.16871989, 0.66822712, 0.62422483, 0.57162329, 0.53253187], t: [-113.88340934, -20.40104445, 775.77358342]}
