run_time: 18.316476345062256
ests:
- {score: 76.47521020, R: [0.74528695, 0.32286518, -0.58335705, -0.62103412, 0.65453357, -0.43116396, 0.24261896, 0.68362552, 0.68832564], t: [-34.50521516, 117.38709227, 755.15264218]}
- {score: 75.12077738, R: [-0.75276882, -0.62727502, -0.19966269, -0.62307045, 0.58106252, 0.52359295, -0.21242027, 0.51854836, -0.82824226], t: [-89.28986909, -132.35332091, 777.04713968]}
- {score: 74.36432266, R: [-0.70270093, 0.54838830, -0.45330086, -0.67655980, -0.71219478, 0.18720431, -0.22017786, 0.43823375, 0.87147742], t: [59.21155100, -51.23308645, 736.90490837]}
- {score: 73.17632876, R: [0.84478628, 0.32694343, -0.42360843, 0.28495998, 0.39518005, 0.87328720, 0.45291713, -0.85845250, 0.24067690], t: [-35.04975823, -20.50807577, 715.99000545]}
- {score: 72.38162842, R: [0.74420622, 0.49864828, -0.44441757, -0.07807492, -0.59584496, -0.79929534, -0.66337120, 0.62953846, -0.40449961], t: [106.14043959, -26.64772775, 699.42062435]}
