run_time: 18.343236207962036
ests:
- {score: 76.64519516, R: [-0.08685311, 0.89838754, -0.43053033, -0.77767858, 0.20895841, 0.59291860, 0.62263363, 0.38631102, 0.68050803], t: [-105.04789849, 5.62673128, 755.39445388]}
- {score: 74.64904403, R: [0.01212378, 0.84971130, 0.52710881, 0.99637259, -0.05467071, 0.06521333, 0.08422992, 0.52440613, -0.84729188], t: [69.95235942, 99.66855067, 729.57764956]}
- {score: 74.47810426, R: [-0.36114712, 0.68120135, 0.63681823, 0.92990859, 0.21212049, 0.30045785, 0.06959010, 0.70069222, -0.71006168], t: [31.65924236, 165.49666178, 730.93177309]}
- {score: 72.73218350, R: [-0.70340344, -0.37817730, -0.60183513, 0.11629709, 0.77406882, -0.62232829, 0.70121224, -0.50773954, -0.50050173], t: [134.41344369, -4.02054305, 690.13797031]}
- {score: 72.26342026, R: [-0.52567981, 0.78943911, -0.31693316, -0.51362286, 0.00244662, 0.85801254, 0.67812407, 0.61382402, 0.40418782], t: [-8.19778902, 10.12563441, 708.83208275]}
